5065	24617
5065	24819
18396	1023
18396	1563
18396	2457
18396	3534
18396	4364
18396	4639
18396	5065
18396	6271
18396	6387
18396	6867
18396	14379
18396	15145
18396	15562
18396	15708
18396	15714
18396	15805
18396	17580
18396	17584
18396	18952
18396	19677
18396	23241
18396	24616
18396	24617
18396	24819
11951	11629
11951	13929
11951	21994
6160	14924
6160	16994
6160	19475
19475	6160
19475	14924
19475	16994
18238	4777
18238	15396
18238	26180
26180	4777
26180	15396
26180	18238
4777	15396
4777	18238
4777	19064
4777	26180
15396	4777
15396	18238
15396	26180
1606	385
1606	6264
1606	7985
1606	19442
1606	23620
19442	1606
19442	6264
19442	16498
19442	22826
24169	21684
24169	22719
2243	914
2243	1493
2243	3442
2243	3811
2243	5162
2243	9090
2243	18633
26191	8557
23464	2596
23464	6666
23464	25644
17249	22336
1910	9316
1910	24559
9316	1910
9316	24559
360	2304
360	7602
360	8307
2304	360
2304	7602
2304	8307
7602	360
7602	2304
7602	8307
8307	360
8307	2304
8307	7602
5057	2009
5057	6482
4625	12286
6064	3909
6064	4814
6064	8340
6064	9439
6064	21468
6064	23246
9439	3909
9439	4814
9439	6064
9439	8340
9439	21468
9439	23246
23648	18415
9514	15568
15568	1959
15568	3953
15568	9514
15568	9723
15568	17163
15568	22954
18161	24568
16554	19101
17688	5392
17688	7541
17688	11670
17688	15066
17688	17665
22734	894
22734	5441
22734	10762
14770	5667
14770	21713
14770	23461
14770	25470
2356	4525
1493	914
1493	2243
1493	2452
1493	3442
1493	3811
1493	5162
1493	9027
1493	9090
1493	14153
1493	14872
1493	18633
2452	1493
2452	3811
2452	9027
2452	14153
2452	14872
9027	1493
9027	2452
9027	3811
9027	14153
9027	14872
14153	1493
14153	2452
14153	3811
14153	9027
14153	14872
25091	11490
6867	1023
6867	18396
3982	5385
4269	743
4269	7245
4269	26159
26159	743
26159	4269
26159	7245
11944	16429
11944	23503
1915	2630
20253	10918
20253	19723
19248	4640
19248	7882
19248	18215
4640	7882
4640	18215
4640	19248
749	14690
5446	5632
5446	20433
5632	5446
5632	20433
20433	5446
20433	5632
22199	14149
26013	1685
26013	18030
26013	24203
18879	178
18879	9800
18879	12701
18879	23363
5483	8641
5483	19922
3752	4765
3752	14952
3752	24174
11879	26092
20305	272
20305	2912
20305	11811
20305	11840
20305	15300
21814	22269
21814	24489
22269	676
22269	17655
22269	21814
22269	24489
17339	1765
26193	1825
26193	6482
26193	14834
26193	19140
26193	20772
10549	676
10549	4846
10549	11785
10549	22457
3685	1058
3685	14661
15935	615
15935	10590
15935	12308
15935	18276
15935	18558
18276	615
18276	10590
18276	12308
18276	15935
12308	615
12308	10590
12308	15935
12308	18276
1594	320
1594	6838
1594	10871
1594	15108
1594	15382
15899	13325
15899	14502
11468	17804
11468	20432
17804	11468
17804	11470
17804	20432
10818	11016
10818	25596
11016	10818
11016	25596
25596	10818
25596	11016
6513	23214
6513	25138
23214	5346
23214	6513
23214	17275
23214	25138
25138	6513
25138	23214
2255	7324
2255	9017
2255	16801
2255	17075
2255	24219
16801	2255
5668	1981
5668	5468
5668	8187
5668	18034
5668	19879
10969	7712
10969	19109
12645	6813
12645	12411
12645	16803
16803	6813
16803	12411
16803	12645
8807	882
8807	17245
8807	21830
8807	22074
8553	17626
20089	23344
20089	24412
20089	25358
19569	3996
3750	14149
3750	19560
3750	23530
19451	9579
19451	16932
16932	9579
16932	19451
9579	6534
9579	11561
9579	16932
9579	19451
9579	22381
22927	14894
20947	7045
20947	13346
20947	25172
12863	18390
18390	12863
6635	24696
6635	24814
4103	12312
4103	13346
4103	17419
12312	4103
12312	13346
12312	17419
18159	2797
14711	8471
12106	4442
12106	12675
1836	8400
8400	1836
13387	4425
13387	22048
22048	4425
22048	13387
21199	17501
21199	22299
17158	11077
17158	21389
17158	23918
15186	7563
5578	231
5578	2980
5578	6774
5578	17655
5578	21012
5578	22457
5578	22937
1280	1958
1280	16921
1280	20207
23424	8153
23424	15182
23424	16728
23424	22319
8153	15182
8153	16728
8153	22319
8153	23424
15182	8153
15182	16728
15182	22319
15182	23424
16728	8153
16728	15182
16728	22319
16728	23424
22319	8153
22319	15182
22319	16728
22319	23424
9491	11379
9491	11400
9491	17124
9491	17764
8054	24504
24504	8054
22605	21623
21623	22605
4290	23836
7479	2754
7479	5511
7479	7265
7479	10056
7479	13390
13390	7479
19710	1877
19710	2042
19710	23225
23225	1877
23225	2042
23225	19710
8976	14351
8976	25176
25176	8976
13389	7277
364	10391
364	15214
364	17359
364	21650
25383	24753
16935	2316
16935	11939
16935	13702
4878	11967
4878	12491
10382	25482
25482	10382
11611	1738
11611	20779
20779	1738
20779	11611
2223	4266
2223	20216
4266	2223
4266	20216
20216	2223
20216	4266
16643	20035
20035	16643
6170	8881
6170	16609
8881	6170
8211	4550
8211	20059
4760	23720
4760	25931
15583	17785
15583	24272
24272	15583
24272	17785
7281	2789
5497	2115
5497	5302
5497	10983
3418	3765
3418	4798
3418	7307
3418	12866
3418	20196
10906	1289
10906	8530
372	14131
14131	372
6534	9579
114	5597
12113	16886
16886	142
16886	12113
16886	18626
18152	18271
8735	25062
25062	8735
7384	9785
7384	12781
11923	9241
5731	17235
1992	24057
17343	21621
17343	24877
16708	16967
16708	18109
16708	19703
16708	25316
21154	2877
21154	14403
15589	122
15589	851
15250	122
15250	851
17825	12884
17825	17984
17825	22147
22147	1588
22147	12545
22147	12884
22147	17825
22147	17984
22147	23805
11470	17804
11470	20432
4847	10842
4847	11293
4847	12739
10842	4847
10842	11293
10842	12739
8786	1793
8786	4013
8786	4036
8786	5481
8786	10878
8786	14078
14078	1793
14078	4013
14078	5481
14078	8786
14078	10878
18790	7383
18790	23038
13600	9572
13600	25980
25980	9572
25980	13600
8340	2169
8340	4353
8340	4814
8340	6064
8340	9439
3754	8185
3754	16496
3754	17918
8185	3754
8185	16496
16496	3754
16496	8185
21167	10096
21167	11661
9039	11911
11911	9039
21391	16056
21391	25378
374	15706
17821	10791
17821	16039
4771	4255
4771	5251
4771	18256
4771	18337
4771	18613
4771	20511
5251	4255
5251	4771
5251	18256
5251	18337
5251	18613
5251	20511
18256	4255
18256	4771
18256	5251
18256	12612
18256	18337
18256	18613
18256	19208
18256	20511
18256	22233
18337	4255
18337	4771
18337	5251
18337	12612
18337	18256
18337	18613
18337	19208
18337	20511
18337	22233
18613	4771
18613	5251
18613	18256
18613	18337
25585	9907
25585	10096
25585	16010
25585	16414
855	21695
16348	3849
18788	7307
18788	13831
18788	21968
18788	23665
12612	18256
12612	18337
12612	19208
12612	22233
19208	12612
19208	18256
19208	18337
19208	22233
3998	8513
3998	10497
3998	26038
10497	3998
4301	5901
4301	24614
20560	309
20560	17015
3595	4511
3595	11241
3595	20635
3595	23293
23673	7475
23673	15300
15192	4416
15192	21798
23721	14265
23721	17156
23721	19525
9391	8386
9391	12187
21653	3323
21653	13190
21653	18331
5575	5469
5575	16624
5575	24781
16624	5469
16624	5575
16624	24781
3873	21075
3873	21156
21156	3873
21156	21075
21156	21089
358	65
358	22100
65	357
65	358
65	11609
65	22100
65	23300
65	24960
65	25777
9093	11112
6810	10039
6810	11964
6810	17739
2620	3501
2620	6442
2620	7442
2620	10024
2620	12453
2620	17681
2620	20587
2620	24371
18227	6482
18227	7442
18227	17874
18227	24371
21303	734
734	21303
19809	9306
19809	12160
19809	12606
12160	9306
12160	12606
12160	19809
4355	88
4355	1995
4355	2338
4355	2449
4355	2530
4355	2535
4355	4755
4355	6340
4355	6512
4355	7197
4355	7635
4355	9313
4355	9656
4355	9869
4355	10350
4355	12507
4355	14648
4355	14766
4355	15010
4355	15244
4355	15933
4355	16654
4355	17807
4355	18225
4355	18453
4355	18778
4355	19114
4355	19645
4355	19939
4355	20576
4355	21178
9313	88
9313	1995
9313	2338
9313	2449
9313	2530
9313	2535
9313	4355
9313	4755
9313	6340
9313	6512
9313	7197
9313	7635
9313	9656
9313	9869
9313	10350
9313	12507
9313	14648
9313	14766
9313	15010
9313	15244
9313	15933
9313	16654
9313	17807
9313	18225
9313	18453
9313	18778
9313	19114
9313	19645
9313	19939
9313	20576
9313	21178
14648	88
14648	1995
14648	2338
14648	2449
14648	2530
14648	2535
14648	4355
14648	4755
14648	6340
14648	6512
14648	7197
14648	7635
14648	9313
14648	9656
14648	9869
14648	10350
14648	12507
14648	14766
14648	15010
14648	15244
14648	15933
14648	16654
14648	17807
14648	18225
14648	18453
14648	18778
14648	19114
14648	19645
14648	19939
14648	20576
14648	21178
19114	88
19114	1995
19114	2338
19114	2449
19114	2530
19114	2535
19114	4355
19114	4755
19114	6340
19114	6512
19114	7197
19114	7635
19114	9313
19114	9656
19114	9869
19114	10350
19114	12507
19114	14648
19114	14766
19114	15010
19114	15244
19114	15933
19114	16654
19114	17807
19114	18225
19114	18453
19114	18778
19114	19645
19114	19939
19114	20576
19114	21178
21178	88
21178	1995
21178	2338
21178	2449
21178	2530
21178	2535
21178	4355
21178	4755
21178	6340
21178	6512
21178	7197
21178	7635
21178	9313
21178	9656
21178	9869
21178	10350
21178	12507
21178	14648
21178	14766
21178	15010
21178	15244
21178	15933
21178	16654
21178	17807
21178	18225
21178	18453
21178	18778
21178	19114
21178	19645
21178	19939
21178	20576
19221	17470
17470	19221
18772	15399
15399	7768
15399	18772
15399	21287
21587	14615
21587	17266
21587	24559
19090	8589
19090	14924
19090	16994
4552	491
4552	4550
4552	17082
15422	7877
2959	2341
2959	2710
2959	2761
2959	5172
2959	5541
2959	5712
2959	8458
2959	13659
2959	14661
2959	17794
8071	21024
25866	1854
25866	20008
22487	13664
22487	25891
25891	13664
25891	22487
10391	364
10391	21650
21949	18194
18194	21949
3852	7877
3852	11622
11622	3852
11622	7877
260	2710
260	5794
260	13318
260	13989
260	21910
25358	20089
25358	23344
6434	543
6434	7883
6434	14351
6434	21162
6434	21205
6434	25250
21162	6434
21162	14351
21162	21075
21162	21089
21162	25250
5697	14358
14358	5697
7854	11844
7854	17006
8558	13717
13717	8558
839	3743
839	5848
5848	839
5848	3743
5848	19675
5848	23614
12642	3743
2803	7533
4183	17501
97	161
97	19583
19583	97
19583	161
6907	3719
6907	5067
6907	8072
6907	8375
6907	9025
6907	9639
6907	13649
6907	15683
6907	19545
6907	19923
6907	20664
6907	21824
6907	22527
6907	25060
6907	25289
6907	25359
9025	3719
9025	5067
9025	6907
9025	8072
9025	8375
9025	9639
9025	13649
9025	15683
9025	19545
9025	19923
9025	20664
9025	21824
9025	22527
9025	25060
9025	25289
9025	25359
15683	5067
15683	6907
15683	9025
15683	13649
15683	19923
15683	20664
15683	21824
15683	22527
15683	25289
15683	25359
21824	5067
21824	6907
21824	9025
21824	13649
21824	15683
21824	19923
21824	20664
21824	22527
21824	25289
21824	25359
13649	3719
13649	5067
13649	6907
13649	8072
13649	8375
13649	9025
13649	9639
13649	15683
13649	19545
13649	19923
13649	20664
13649	21824
13649	22527
13649	25060
13649	25289
13649	25359
25289	3719
25289	5067
25289	6907
25289	8072
25289	8375
25289	9025
25289	9639
25289	13649
25289	15683
25289	19545
25289	19923
25289	20664
25289	21824
25289	22527
25289	25060
25289	25359
20664	5067
20664	6907
20664	9025
20664	13649
20664	15683
20664	19923
20664	21824
20664	22527
20664	25289
20664	25359
19923	5067
19923	6907
19923	9025
19923	13649
19923	15683
19923	20664
19923	21824
19923	22527
19923	25289
19923	25359
25359	5067
25359	6907
25359	9025
25359	13649
25359	15683
25359	19923
25359	20664
25359	21824
25359	22527
25359	25289
5067	3719
5067	6907
5067	8072
5067	8375
5067	9025
5067	9639
5067	13649
5067	15683
5067	19545
5067	19923
5067	20664
5067	21824
5067	22527
5067	25060
5067	25289
5067	25359
3773	6503
8534	8676
8676	8534
8504	15372
4425	9248
4425	13387
4425	14639
4425	21125
4425	22048
9248	3136
9248	4425
9248	5862
9248	13966
9248	21125
22381	9579
16800	2142
19356	4575
13682	16749
13682	26038
13682	26059
16749	13682
16749	26038
16749	26059
14317	6226
14317	19140
17827	9184
18174	4511
18174	11241
18174	20635
18174	23293
17173	1908
15252	7154
12149	8768
12149	9937
12149	23038
16433	369
16433	2073
16433	6183
16433	7727
16433	16570
369	2073
369	6183
369	7727
369	16433
369	16570
16570	369
16570	2073
16570	6183
16570	16433
21772	10895
21772	14067
21772	21100
15478	18030
26176	135
26176	3916
26176	4102
26176	10376
26176	17911
23138	1896
14991	934
14991	25516
934	6700
934	14991
934	16032
934	20644
934	23293
934	25080
934	25516
1662	2613
1662	15413
2613	1662
2613	15413
15413	1662
15413	2613
15413	3516
15413	13144
15413	23306
9224	10154
9224	11410
9224	16830
16830	9224
16830	10154
16830	11410
4144	18596
4144	23771
18596	4144
18596	23771
23771	4144
23771	18596
11141	5395
11141	5445
11141	9037
11141	18314
11141	19447
19447	11141
19447	18314
5445	11141
5445	18314
16622	18454
18454	16622
13031	8738
13031	13334
13031	13620
13620	13031
21550	11861
21550	24220
21550	25553
21550	25554
24220	11861
24220	21550
24220	25553
24220	25554
25554	11861
25554	21550
25554	24220
25554	25553
25553	11861
25553	21550
25553	24220
25553	25554
9338	5695
16312	16314
16314	16312
17878	4275
17878	10022
10022	4275
10022	13067
10022	14746
10022	17878
17875	1653
17875	21281
17875	23095
23095	1653
23095	17875
23095	21281
7206	24924
15184	624
15184	3731
15184	5407
15184	8721
15184	9099
15184	10532
15184	15005
15184	16022
15184	19640
15184	23577
15184	23649
15184	24293
15184	25201
22990	11009
22990	21344
23687	10936
8922	4164
13837	3839
13837	4146
13837	9785
13837	16674
13837	17250
17250	3839
17250	4146
17250	9785
17250	13837
17250	16674
1563	1023
1563	2457
1563	3534
1563	4364
1563	4639
1563	5065
1563	6271
1563	6387
1563	14379
1563	15145
1563	15562
1563	15708
1563	15714
1563	15805
1563	17580
1563	17584
1563	18396
1563	18952
1563	19677
1563	23241
1563	24616
1563	24617
1563	24819
2457	1023
2457	1563
2457	3534
2457	4364
2457	4639
2457	5065
2457	6271
2457	6387
2457	14379
2457	15145
2457	15562
2457	15708
2457	15714
2457	15805
2457	17580
2457	17584
2457	18396
2457	18952
2457	19677
2457	23241
2457	24616
2457	24617
2457	24819
3534	1023
3534	1563
3534	2457
3534	4364
3534	4639
3534	5065
3534	6271
3534	6387
3534	14379
3534	15145
3534	15562
3534	15708
3534	15714
3534	15805
3534	17580
3534	17584
3534	18396
3534	18952
3534	19677
3534	23241
3534	24616
3534	24617
3534	24819
4639	1023
4639	1563
4639	2457
4639	3534
4639	4364
4639	5065
4639	6271
4639	6387
4639	14379
4639	15562
4639	15708
4639	15714
4639	15805
4639	17580
4639	18396
4639	18952
4639	19677
4639	24617
4639	24819
6387	1023
6387	1563
6387	2457
6387	3534
6387	4364
6387	4639
6387	5065
6387	6271
6387	14379
6387	15145
6387	15562
6387	15708
6387	15714
6387	15805
6387	17580
6387	17584
6387	18396
6387	18952
6387	19677
6387	23241
6387	24616
6387	24617
6387	24819
14379	1023
14379	1563
14379	2457
14379	3534
14379	4364
14379	4639
14379	5065
14379	6271
14379	6387
14379	15145
14379	15562
14379	15708
14379	15714
14379	15805
14379	17580
14379	17584
14379	18396
14379	18952
14379	19677
14379	23241
14379	24616
14379	24617
14379	24819
15562	1023
15562	1563
15562	2457
15562	3534
15562	4364
15562	4639
15562	5065
15562	6271
15562	6387
15562	14379
15562	15145
15562	15708
15562	15714
15562	15805
15562	17580
15562	17584
15562	18396
15562	18952
15562	19677
15562	23241
15562	24616
15562	24617
15562	24819
15708	1023
15708	1563
15708	2457
15708	3534
15708	4364
15708	4639
15708	5065
15708	6271
15708	6387
15708	14379
15708	15145
15708	15562
15708	15714
15708	15805
15708	17580
15708	17584
15708	18396
15708	18952
15708	19677
15708	23241
15708	24616
15708	24617
15708	24819
15714	1023
15714	1563
15714	2457
15714	3534
15714	4364
15714	4639
15714	5065
15714	6271
15714	6387
15714	14379
15714	15145
15714	15562
15714	15708
15714	15805
15714	17580
15714	17584
15714	18396
15714	18952
15714	19677
15714	23241
15714	24616
15714	24617
15714	24819
15805	1023
15805	1563
15805	2457
15805	3534
15805	4364
15805	4639
15805	5065
15805	6271
15805	6387
15805	14379
15805	15145
15805	15562
15805	15708
15805	15714
15805	17580
15805	17584
15805	18396
15805	18952
15805	19677
15805	23241
15805	24616
15805	24617
15805	24819
17580	1023
17580	1563
17580	2457
17580	3534
17580	4364
17580	4639
17580	5065
17580	6271
17580	6387
17580	14379
17580	15145
17580	15562
17580	15708
17580	15714
17580	15805
17580	17584
17580	18396
17580	18952
17580	19677
17580	23241
17580	24616
17580	24617
17580	24819
18952	1023
18952	1563
18952	2457
18952	3534
18952	4364
18952	4639
18952	5065
18952	6271
18952	6387
18952	14379
18952	15145
18952	15562
18952	15708
18952	15714
18952	15805
18952	17580
18952	17584
18952	18396
18952	19677
18952	23241
18952	24616
18952	24617
18952	24819
19677	1023
19677	1563
19677	2457
19677	3534
19677	4364
19677	4639
19677	5065
19677	6271
19677	6387
19677	14379
19677	15145
19677	15562
19677	15708
19677	15714
19677	15805
19677	17580
19677	17584
19677	18396
19677	18952
19677	23241
19677	24616
19677	24617
19677	24819
24617	1023
24617	1563
24617	2457
24617	3534
24617	4364
24617	4639
24617	5065
24617	6271
24617	6387
24617	14379
24617	15562
24617	15708
24617	15714
24617	15805
24617	17580
24617	18396
24617	18952
24617	19677
24617	24819
24819	1023
24819	1563
24819	2457
24819	3534
24819	4364
24819	4639
24819	5065
24819	6271
24819	6387
24819	14379
24819	15145
24819	15562
24819	15708
24819	15714
24819	15805
24819	17580
24819	17584
24819	18396
24819	18952
24819	19677
24819	23241
24819	24616
24819	24617
17086	9907
17086	20515
17086	21491
17086	23552
20515	17086
23915	12266
23915	15678
23915	17134
23915	21436
23915	22815
23915	23114
23915	23146
23915	23488
23915	25575
23488	12266
23488	15678
23488	17134
23488	21436
23488	22815
23488	23114
23488	23146
23488	23915
23488	25575
23114	193
23114	7038
23114	10819
23114	12266
23114	15678
23114	17134
23114	21436
23114	22815
23114	22917
23114	23038
23114	23488
23114	23915
23114	25575
23114	26065
15678	12266
15678	17134
15678	21436
15678	22815
15678	23114
15678	23146
15678	23488
15678	23915
15678	25575
17134	12266
17134	15678
17134	21436
17134	22815
17134	23114
17134	23146
17134	23488
17134	23915
17134	25575
12266	15678
12266	17134
12266	21436
12266	22815
12266	23114
12266	23146
12266	23488
12266	23915
12266	25575
22815	12266
22815	15678
22815	17134
22815	21436
22815	23114
22815	23146
22815	23488
22815	23915
22815	25575
22815	25710
25575	12266
25575	15678
25575	17134
25575	21436
25575	22815
25575	23114
25575	23146
25575	23488
25575	23915
21436	12266
21436	15678
21436	17134
21436	22815
21436	23114
21436	23146
21436	23488
21436	23915
21436	25575
3878	10062
3878	12406
3878	16584
16584	3878
16584	10062
16584	12406
16584	17956
18032	25034
3451	26065
17850	25271
5172	2710
5172	2761
5172	2959
5172	3677
5172	5181
5172	5435
5172	18091
5172	18757
5172	23559
5172	24456
5435	5172
5435	18757
5435	23559
23559	5172
23559	5435
23559	18757
11416	2851
11416	5807
11416	8222
11416	15244
11416	19489
11416	21495
11416	25469
547	1829
547	4458
547	18870
547	19675
547	23614
18870	547
18870	1829
18870	4458
18870	19675
18870	23614
14319	1090
14319	7307
14319	23256
23256	1090
23256	7307
23256	13142
23256	14319
23256	20879
26100	2710
26100	20934
20934	2710
20934	4376
20934	18246
20934	25209
20934	26100
4353	2169
4353	3113
4353	6558
4353	8340
4353	14865
4353	15941
19256	7645
10907	3909
10907	16575
10514	2306
10514	24713
2592	3977
2592	8254
8156	18579
11991	3186
3186	11991
2532	15365
14182	17537
17537	14182
4958	9606
4958	10884
4958	16353
10884	4958
10884	9606
10884	16353
15358	18036
15358	18338
18036	15358
18036	18338
18338	15358
18338	18036
7094	21293
7772	21695
2073	369
2073	16433
2073	16570
11402	12980
11402	14969
11402	23382
11402	24845
14969	2661
14969	8067
14969	11132
14969	11402
14969	12980
14969	23382
14969	24845
1862	12842
2503	9631
2503	10898
2503	12472
9631	2503
9631	10898
10898	2503
10898	9631
19927	11591
19927	15898
19927	19781
19927	25896
9209	2806
9209	24885
2806	9209
2806	24885
17237	12256
19023	16511
14175	12307
14175	22980
12307	14175
12307	22980
22980	12307
22980	14175
17808	4211
17808	11670
17808	11876
17808	17626
4255	4771
4255	5251
4255	18256
4255	18337
4255	20511
17233	2202
17233	9829
17233	12212
17233	24271
16644	1545
9217	9907
9217	10096
21995	3164
21995	13364
16265	5901
16265	19791
18622	14265
18622	19059
23530	3750
23530	14149
23530	19560
1025	18215
19562	1058
19562	1667
19562	14661
19562	15244
19562	18208
19562	23723
19562	24477
24477	1058
24477	1667
24477	14661
24477	15244
24477	18208
24477	19562
24477	23723
13322	8335
13322	18619
13322	18751
13322	20511
4249	11801
4249	19489
24456	5172
24456	5181
24456	18091
18091	5172
18091	5181
18091	24456
5387	18156
18156	5387
4642	18109
12054	4814
12054	8161
16042	715
16042	6506
6738	21543
15329	1620
15329	3677
15329	24057
19145	23760
23760	19145
4052	18511
12887	6503
2386	2394
2386	18899
11561	9579
11465	3239
11465	11577
17252	5738
17252	6538
17252	18142
18142	5738
18142	6538
18142	17252
18791	23394
18791	23665
11464	3231
11464	4773
11464	6411
11464	8261
11464	8823
11464	9639
11464	16352
11464	17997
11464	19870
11464	20532
11464	20662
11464	21860
11464	22369
11464	22837
20662	8261
20662	8823
20662	11464
20662	17997
20662	20532
20662	21860
20662	22837
22837	8261
22837	8823
22837	11464
22837	17997
22837	20532
22837	20662
22837	21860
1983	13012
1983	20943
13012	1983
13012	20943
20943	1983
20943	13012
4632	2741
4632	7956
4632	9785
4632	12365
4632	12781
4632	14512
4632	15003
4632	16594
4632	18866
4632	20774
4632	21508
4632	25346
20774	2741
20774	4632
20774	7956
20774	9785
20774	11053
20774	12365
20774	12781
20774	13411
20774	14512
20774	15003
20774	16594
20774	18866
20774	21508
20774	23403
20774	25346
123	4727
142	16886
142	18626
18626	142
18626	16886
17089	1217
17089	5488
17089	12735
17089	14615
17089	19454
17089	22177
22110	5231
5231	22110
15145	1023
15145	1563
15145	2457
15145	3534
15145	4364
15145	5065
15145	6271
15145	6387
15145	14379
15145	15562
15145	15708
15145	15714
15145	15805
15145	17580
15145	17584
15145	18396
15145	18952
15145	19677
15145	23241
15145	24616
15145	24819
17584	1023
17584	1563
17584	2457
17584	3534
17584	4364
17584	5065
17584	6271
17584	6387
17584	14379
17584	15145
17584	15562
17584	15708
17584	15714
17584	15805
17584	17580
17584	18396
17584	18952
17584	19677
17584	23241
17584	24616
17584	24819
23241	1023
23241	1563
23241	2457
23241	3534
23241	4364
23241	5065
23241	6271
23241	6387
23241	14379
23241	15145
23241	15562
23241	15708
23241	15714
23241	15805
23241	17580
23241	17584
23241	18396
23241	18952
23241	19677
23241	24616
23241	24819
24616	1023
24616	1563
24616	2457
24616	3534
24616	4364
24616	5065
24616	6271
24616	6387
24616	14379
24616	15145
24616	15562
24616	15708
24616	15714
24616	15805
24616	17580
24616	17584
24616	18396
24616	18952
24616	19677
24616	23241
24616	24819
3819	5287
15802	21130
17882	8263
5087	938
5087	5202
6423	6229
22311	20084
20084	22311
22149	18365
400	2072
6576	1621
6576	7109
7109	1621
7109	6576
1621	6576
1621	7109
18771	1699
18771	2303
18771	8541
18771	17923
18771	18122
18771	24593
18771	25875
3843	1151
3843	2410
3843	4488
3843	6301
3843	6823
3843	9018
3843	13404
3843	14374
3843	15414
3843	17385
3843	18299
3843	18743
3843	19687
3843	22032
3843	22903
3843	23674
3843	24294
3843	24706
3843	25998
4488	3843
4488	9018
4488	13404
4488	14374
4488	17385
4488	18299
4488	19687
4488	22903
4488	25998
9018	3843
9018	4488
9018	18299
18299	3843
18299	4488
18299	9018
18299	14374
18299	19687
12751	6307
6307	12751
21029	11902
3917	12478
3917	18398
3917	24833
18398	3917
18398	12478
18398	24833
1267	1124
1267	14834
1267	18102
1267	24718
13486	4259
13486	18688
4259	13486
4259	18688
18688	4259
18688	13486
15160	543
15160	19325
15160	22831
19325	543
19325	15160
19325	22831
22831	543
22831	15160
22831	19325
4630	9921
4630	10672
4630	12512
10672	4630
10672	9921
10672	12512
5840	3032
5840	6732
17191	15235
5636	22574
4286	2409
4286	3522
4286	4288
4286	18970
4288	2409
4288	3522
4288	4286
4288	18970
3654	3228
3654	11557
3654	15477
15322	7194
831	11280
11280	831
25615	11733
25615	21608
15154	14132
14132	15154
4027	3096
19940	9184
19940	20373
1825	19140
1825	26193
16523	4110
21157	14337
17337	13369
17337	25286
16393	1339
16393	15580
16393	17330
16393	20478
17918	3754
17918	23066
1279	1787
1279	14550
4034	9715
4034	9717
9717	4034
9717	9715
9715	4034
9715	8512
9715	9717
9715	25492
9715	25511
26042	21203
5427	8335
23462	6666
1798	4828
1798	5404
4828	1798
4828	5404
5404	1798
5404	4828
20217	2287
20217	23297
20217	25436
25436	2287
25436	20217
25436	23297
8458	2710
8458	2959
1839	1265
1839	3502
1839	15126
1839	16389
1839	16881
1839	17828
1839	21281
1839	23864
1839	25910
23864	1265
23864	1839
23864	3502
23864	15126
23864	16389
23864	16881
23864	17828
23864	21281
23864	25910
3502	1265
3502	1839
3502	15126
3502	16389
3502	16881
3502	17828
3502	21281
3502	23864
3502	25910
16881	1265
16881	1839
16881	3502
16881	15126
16881	16389
16881	17828
16881	21281
16881	23864
16881	25910
15126	1265
15126	1839
15126	3502
15126	16389
15126	16881
15126	17828
15126	21281
15126	23864
15126	25910
17828	1265
17828	1839
17828	3502
17828	15126
17828	16389
17828	16881
17828	21281
17828	23864
17828	25910
8973	1896
4774	5673
4774	6838
4774	16717
4774	19603
5673	4774
5673	6838
5673	16717
5673	19603
19603	4774
19603	5673
19603	6838
19603	16717
13615	2949
13615	3839
13615	16674
24462	11641
11641	24462
22464	1829
22464	19675
22464	23614
17125	4988
17125	12722
17125	16717
14338	22729
22729	14338
2805	14128
2805	25006
4265	5267
4265	5271
4265	24841
5267	4265
5267	5271
5267	24841
17192	885
17192	2505
17192	18222
2505	885
2505	17192
2505	18222
885	2505
885	17192
885	18222
16070	12927
22903	1151
22903	2410
22903	3843
22903	4488
22903	6301
22903	6823
22903	13404
22903	15414
22903	17385
22903	18743
22903	22032
22903	23674
22903	24294
22903	24706
22903	25998
25998	1151
25998	2410
25998	3843
25998	4488
25998	6301
25998	6823
25998	13404
25998	15414
25998	17385
25998	18743
25998	22032
25998	22903
25998	23674
25998	24294
25998	24706
15251	14265
14154	3228
17592	4673
17592	12687
6703	4673
6703	12687
6703	18920
3207	25480
23420	12101
10896	1727
15200	15971
3283	1293
3283	2621
3283	2623
3283	3812
3283	3820
3283	3824
3283	4834
3283	5131
3283	6222
3283	6456
3283	6525
3283	6868
3283	7525
3283	7650
3283	8448
3283	9433
3283	12802
3283	13482
3283	13526
3283	14157
3283	14373
3283	15148
3283	17600
3283	17819
3283	17823
3283	17824
3283	18000
3283	18444
3283	22324
3283	22901
3283	24474
3283	24479
3283	24615
3283	26039
6222	1293
6222	2621
6222	2623
6222	3283
6222	3812
6222	3820
6222	3824
6222	4834
6222	5131
6222	6456
6222	6525
6222	6868
6222	7525
6222	7650
6222	8448
6222	9433
6222	12802
6222	13482
6222	13526
6222	14157
6222	14373
6222	15148
6222	17600
6222	17819
6222	17823
6222	17824
6222	18000
6222	18444
6222	22324
6222	22901
6222	24474
6222	24479
6222	24615
6222	26039
13526	1293
13526	2621
13526	2623
13526	3283
13526	3812
13526	3820
13526	3824
13526	4834
13526	5131
13526	6222
13526	6456
13526	6525
13526	6868
13526	7525
13526	7650
13526	8448
13526	9433
13526	12802
13526	13482
13526	14157
13526	14373
13526	15148
13526	17600
13526	17819
13526	17823
13526	17824
13526	18000
13526	18444
13526	22324
13526	22901
13526	24474
13526	24479
13526	24615
13526	26039
15148	1293
15148	2621
15148	2623
15148	3283
15148	3812
15148	3820
15148	3824
15148	4834
15148	5131
15148	6222
15148	6456
15148	6525
15148	6868
15148	7525
15148	7650
15148	8448
15148	9433
15148	12802
15148	13482
15148	13526
15148	14157
15148	14373
15148	17600
15148	17819
15148	17823
15148	17824
15148	18000
15148	18444
15148	22324
15148	22901
15148	24474
15148	24479
15148	24615
15148	26039
22324	1293
22324	2621
22324	2623
22324	3283
22324	3812
22324	3820
22324	3824
22324	4834
22324	5131
22324	6222
22324	6456
22324	6525
22324	6868
22324	7525
22324	7650
22324	8448
22324	9433
22324	12802
22324	13482
22324	13526
22324	14157
22324	14373
22324	15148
22324	17600
22324	17819
22324	17823
22324	17824
22324	18000
22324	18444
22324	22901
22324	24474
22324	24479
22324	24615
22324	26039
24474	1293
24474	2621
24474	2623
24474	3283
24474	3812
24474	3820
24474	3824
24474	4834
24474	5131
24474	6222
24474	6456
24474	6525
24474	6868
24474	7525
24474	7650
24474	8448
24474	9433
24474	12802
24474	13482
24474	13526
24474	14157
24474	14373
24474	15148
24474	17600
24474	17819
24474	17823
24474	17824
24474	18000
24474	18444
24474	22324
24474	22901
24474	24479
24474	24615
24474	26039
20435	9629
20435	20479
20479	9629
20479	20435
5432	14302
9194	1488
9194	8352
8920	13142
14096	1556
7015	4241
7015	7125
7015	9647
192	677
192	1023
192	4426
192	8122
21310	21313
1699	2303
1699	18122
1699	18771
1699	25875
2303	1699
2303	8541
2303	18122
2303	18771
2303	24593
2303	25875
25875	1699
25875	2303
25875	18122
25875	18771
21583	6774
21583	9732
21583	16115
21583	17655
16115	5434
16115	6774
16115	10383
16115	13319
16115	17655
16115	21583
24589	5385
24589	9090
24589	16568
24589	17543
12704	7861
25977	8116
25977	8625
18634	3516
18634	12618
12618	3516
12618	18634
23454	491
163	15528
163	19423
22394	4023
22394	20647
11926	7592
14621	4825
14621	19608
19608	4825
19608	14621
199	13702
199	17874
3449	15353
3449	21048
9921	4630
9921	10672
9921	12512
16106	11712
16106	17670
16106	18286
16106	19724
17670	11712
17670	16106
17670	18286
17670	19724
16232	3052
16232	22725
4242	8222
4242	21495
8222	4242
8222	5807
8222	11416
8222	21495
21495	4242
21495	5807
21495	8222
21495	11416
21495	23907
12512	4630
12512	9921
12512	10672
17275	23214
19466	7543
19466	24128
7543	19466
7543	24128
24128	7543
24128	19466
450	8666
14357	1341
14357	4422
14357	7355
14357	20373
17581	3524
3524	10555
3524	17581
10819	193
10819	22917
10819	23038
10819	23114
193	10819
193	22917
193	23038
193	23114
2655	1854
10446	18723
18723	5385
18723	10446
18723	12678
18723	21090
14972	11077
14972	20519
14972	23912
20519	11077
20519	14972
20519	23912
23912	11077
23912	14972
23912	20519
11411	24242
24242	11411
6541	2072
6541	8216
6541	8471
8216	2072
8216	6541
8216	8471
13684	14089
13684	18283
13684	19301
18283	13684
18283	14089
18283	19301
5853	5492
5492	5853
7578	2182
7578	3006
7578	10406
7578	13801
7578	22144
22278	2072
22278	15258
22278	19657
1841	231
1841	2980
1841	12503
1841	16611
1841	21012
1841	22937
16611	231
16611	1841
16611	2980
16611	12503
16611	21012
16611	22937
15898	9979
15898	19927
15898	25896
2773	6337
2773	6529
2773	6543
2773	8511
2773	20030
6543	2773
6543	6337
6543	6529
6543	8511
6543	20030
6529	2773
6529	6337
6529	6543
6529	8511
6529	20030
4213	17075
4213	18094
4213	20645
18094	4213
18094	8870
6825	1356
6825	16258
23553	23084
3964	9414
3964	12640
3964	20328
9414	3964
9414	12640
9414	20328
12640	3964
12640	9414
12640	20328
1560	1289
15977	18065
21288	8557
26141	3409
26141	7956
26141	9800
26141	25346
2512	1023
2512	10427
2512	12101
19510	10936
1782	3066
1782	10726
9831	12473
12473	9831
13144	3516
13144	15413
13144	23306
23306	13144
23306	15413
23306	17116
23306	19741
5360	7829
16264	1488
16264	4258
16264	5771
16264	6675
16264	18741
16264	25107
16264	25439
5771	1488
5771	4258
5771	6675
5771	16264
5771	18741
5771	25107
5771	25439
18741	1488
18741	4258
18741	5771
18741	6675
18741	16264
18741	25107
18741	25439
25439	1488
25439	4258
25439	5771
25439	6675
25439	16264
25439	18741
25439	25107
5434	6774
5434	8517
5434	16115
5434	22457
320	1594
320	5602
320	6024
320	15108
320	17464
320	18042
15685	13929
15685	23805
9392	10871
9392	18612
21315	15108
14079	449
14079	21032
14079	22876
21032	449
21032	14079
21032	22876
10550	6700
10550	22497
10550	23907
10550	25080
22497	6700
22497	10550
22497	23907
22497	25080
4428	5934
4428	15066
4428	16469
21131	11426
26132	19936
10526	9710
9151	11047
17924	13008
8969	13355
2328	8058
3679	4550
3679	7442
3679	9862
23674	1151
23674	2410
23674	3843
23674	6301
23674	6823
23674	15414
23674	17385
23674	18743
23674	22032
23674	22903
23674	24294
23674	24706
23674	25998
22032	1151
22032	2410
22032	3843
22032	6301
22032	6823
22032	15414
22032	17385
22032	18743
22032	22903
22032	23674
22032	24294
22032	24706
22032	25998
24294	1151
24294	2410
24294	3843
24294	6301
24294	6823
24294	15414
24294	17385
24294	18743
24294	22032
24294	22903
24294	23674
24294	24706
24294	25998
1151	2410
1151	3843
1151	6301
1151	6823
1151	15414
1151	17385
1151	18743
1151	22032
1151	22903
1151	23674
1151	24294
1151	24706
1151	25998
15414	1151
15414	2410
15414	3843
15414	6301
15414	6823
15414	17385
15414	18743
15414	22032
15414	22903
15414	23674
15414	24294
15414	24706
15414	25998
18743	1151
18743	2410
18743	3843
18743	6301
18743	6823
18743	15414
18743	17385
18743	22032
18743	22903
18743	23674
18743	24294
18743	24706
18743	25998
24706	1151
24706	2410
24706	3843
24706	6301
24706	6823
24706	15414
24706	17385
24706	18743
24706	22032
24706	22903
24706	23674
24706	24294
24706	25998
2410	1151
2410	3843
2410	6301
2410	6823
2410	15414
2410	17385
2410	18743
2410	22032
2410	22903
2410	23674
2410	24294
2410	24706
2410	25998
6301	1151
6301	2410
6301	3843
6301	6823
6301	15414
6301	17385
6301	18743
6301	22032
6301	22903
6301	23674
6301	24294
6301	24706
6301	25998
12801	15641
12801	19548
19548	12801
19548	15641
15663	7307
21169	14051
25856	11047
19739	8195
19739	20568
20568	8195
20568	19739
5579	6700
3532	12842
19064	4777
18605	7188
18388	20654
20654	18388
13864	8768
2335	13008
2335	16108
16108	2335
16108	13008
18052	1090
18052	7307
18052	13831
18151	15227
8888	8365
8888	13067
8888	14746
5730	7154
16957	3362
3853	14265
20317	12980
20956	17330
19495	7442
14747	4080
14747	11861
14747	19324
16576	16056
8629	15357
8629	16483
16483	8629
16483	15357
10825	20100
10825	21543
18447	7204
18447	25354
24129	12842
18739	676
18739	3677
18739	4466
18739	12545
15382	1594
15382	6838
15382	10871
4433	4952
4433	7625
8398	9327
8398	9867
8398	19084
9327	4037
9327	8398
9327	19084
9327	25663
18145	11557
18145	21799
21799	11557
21799	18145
2003	17999
2003	21220
13036	23224
4196	15401
15401	4196
4967	18208
4967	22109
22109	4967
22109	18208
1051	4245
1051	25664
4245	1051
4245	25664
25664	1051
25664	4245
5478	5738
5478	6538
5478	8349
4975	6941
4975	13597
4975	16347
4975	22937
4975	24140
16823	5571
16823	13802
16823	19553
19553	5571
19553	13802
19553	16823
25447	15962
15962	25447
17393	7024
17393	9184
17393	18736
7024	9184
7024	17393
7024	18736
24203	18030
24203	26013
18720	3466
18720	15931
18720	19607
19607	3466
19607	8579
19607	15931
19607	18720
16235	23810
16235	25582
23810	16235
23810	25582
21546	25537
13167	800
13167	15485
19892	18417
18417	19892
7324	2255
7324	4896
7324	9017
7324	17075
22746	16177
22746	21100
14135	19126
20000	81
20000	5287
20000	9017
20000	11444
20000	14746
4247	4250
4247	11372
4247	11400
4250	4247
4250	11372
4250	11400
17739	6810
17739	10039
17739	11964
4643	20320
20320	4643
14990	25975
25975	14990
24506	22242
24506	24595
24506	24705
24595	22242
24595	24506
8150	3630
8150	8768
9979	15898
6530	6707
6530	13520
6530	16921
6707	6530
6707	13520
6707	16921
8372	6350
8372	11823
8372	13628
8372	15246
8372	20332
8372	23710
13628	6350
13628	8372
13628	11823
13628	15246
13628	20332
13628	23710
23710	6350
23710	8372
23710	11823
23710	13628
11823	6350
11823	8372
11823	13628
11823	23710
8037	4825
3450	2607
3450	24330
836	13955
836	16747
836	19489
18042	320
18042	1897
18042	15108
18042	17590
7090	5209
7090	5717
7090	11792
7090	13647
7090	16831
11792	5717
11792	7090
11792	16831
16831	5717
16831	7090
16831	11792
5218	7601
5218	14265
8520	2200
8520	21089
5417	5655
5417	13352
5417	20513
20513	5417
20513	5655
20513	13352
11444	9017
11444	20000
11444	21613
2341	2959
2341	5712
9867	8398
1672	8079
1672	11461
1672	16755
1672	18676
8079	1672
8079	11461
8079	16755
8079	18676
16755	1672
16755	8079
16755	18676
16651	10338
16651	12458
16651	12460
16651	19378
24708	14157
24708	19443
24708	23492
14157	1293
14157	2621
14157	2623
14157	3283
14157	3812
14157	3820
14157	3824
14157	4834
14157	5131
14157	6222
14157	6456
14157	6525
14157	6868
14157	7525
14157	7650
14157	8448
14157	9433
14157	12802
14157	13482
14157	13526
14157	14373
14157	15148
14157	17600
14157	17819
14157	17823
14157	17824
14157	18000
14157	18444
14157	19443
14157	22324
14157	22901
14157	23492
14157	24474
14157	24479
14157	24615
14157	24708
14157	26039
23492	14157
23492	19443
23492	24708
11965	1556
16227	6280
16227	17297
20645	4213
20645	17075
8367	19900
12552	1024
12552	1817
1024	1817
1024	12552
81	5287
81	20000
8395	8725
8395	11054
8725	8395
8725	11054
11054	8395
11054	8725
14763	4432
4432	14763
2559	5543
2559	21771
2559	24097
5543	2559
5543	21771
5543	24097
17017	17721
19019	24696
9426	5062
9426	19881
9426	24924
7573	16056
3431	23506
22225	6264
22225	7985
11053	12365
11053	13411
11053	18866
11053	20774
11053	21508
11053	23403
14431	12414
14431	24439
6828	23647
20766	11718
11718	20766
24593	2303
24593	8541
24593	18122
24593	18771
8541	2303
8541	9924
8541	12262
8541	18122
8541	18619
8541	18751
8541	18771
8541	24593
13319	6774
13319	10383
13319	16115
13319	17655
10383	6774
10383	13319
10383	16115
10383	17655
15553	15374
15374	15553
20346	6512
20346	24453
5400	12842
19111	3826
19111	16469
3826	16469
3826	19111
269	1217
269	9974
269	25648
8206	15066
19613	482
19613	13664
19613	16940
5490	8474
8474	5490
13321	7712
2075	4182
2075	10439
2075	21075
4182	2075
4182	10439
4182	21075
10439	2075
10439	4182
10439	21075
17114	9074
17114	20489
15479	20373
15479	21646
15479	25034
19931	23084
16609	6170
23863	4952
23863	20062
12866	3418
12866	3765
12866	4798
5481	8786
5481	14078
20065	9255
20065	20478
4379	2072
4379	8471
4379	23623
12678	5385
12678	6610
12678	18723
12678	21090
1976	23672
23672	1976
12295	12295
5465	12472
5465	18141
5465	20663
18141	5465
18141	12472
18141	20663
20663	5465
20663	12472
20663	18141
8448	1293
8448	2621
8448	2623
8448	3283
8448	3812
8448	3820
8448	3824
8448	4834
8448	5131
8448	6222
8448	6456
8448	6525
8448	6868
8448	7525
8448	7650
8448	9433
8448	12802
8448	13482
8448	13526
8448	14157
8448	14373
8448	15148
8448	17600
8448	17819
8448	17823
8448	17824
8448	18000
8448	18444
8448	22324
8448	22901
8448	24474
8448	24479
8448	24615
8448	26039
2186	9591
9189	2116
9189	9765
9189	9774
9189	12034
9189	17935
2116	9189
2116	9765
2116	9774
2116	12034
2116	17935
9765	2116
9765	9189
9765	9774
9765	12034
9765	17935
12034	2116
12034	9189
12034	9765
12034	9774
12034	17935
17935	2116
17935	9189
17935	9765
17935	9774
17935	12034
9774	2116
9774	9189
9774	9765
9774	12034
9774	17935
23723	1058
23723	1667
23723	5712
23723	14661
23723	15244
23723	19433
23723	19562
23723	24477
20062	179
20062	19675
20062	23614
20062	23863
5182	13311
5182	25107
13311	5182
13311	25107
18125	19675
18125	23614
18125	24833
15665	13422
18246	4376
18246	20934
18246	25209
9986	25698
15642	16783
15642	17563
882	3547
882	8807
882	14707
882	17245
1860	4135
23419	24097
3744	10178
3744	24133
17016	9471
17016	16719
16719	9471
16719	17016
9075	10762
9075	22778
10925	6638
10925	15195
10925	17467
15195	6638
15195	10925
15195	17467
17467	6638
17467	10925
17467	15195
11410	9224
11410	16830
10623	5441
10623	7712
10623	10762
10623	12659
10623	18517
10623	21665
21665	5441
21665	10623
21665	10762
21665	12659
19810	853
19810	22493
1859	4416
1859	21798
2713	13199
2713	19568
2713	25034
17274	4298
17274	4416
1157	1116
1157	7023
1157	16334
16334	1116
16334	1157
16334	7023
6632	8386
6632	12187
6632	24240
23299	5564
12248	98
98	12248
16352	3231
16352	4705
16352	4773
16352	6411
16352	8261
16352	8549
16352	8823
16352	9639
16352	11464
16352	17997
16352	19808
16352	19870
16352	20532
16352	21931
16352	22369
8549	3231
8549	4705
8549	4773
8549	6411
8549	8261
8549	8823
8549	9639
8549	16352
8549	19808
8549	19870
8549	21931
6411	3231
6411	4705
6411	4773
6411	8261
6411	8549
6411	8823
6411	9639
6411	11464
6411	16352
6411	17997
6411	19808
6411	19870
6411	20532
6411	21931
6411	22369
5469	5575
5469	16624
5469	24781
20236	10116
20236	20100
20236	22197
10116	20236
4181	17992
17992	4181
14377	385
14377	6264
14377	7985
5571	13802
5571	16823
5571	19553
13802	5571
13802	16823
13802	19553
17341	18443
3286	244
3286	1353
3286	18030
375	10268
179	19675
179	20062
179	23614
2851	11416
2851	25469
23944	12927
23727	22790
14667	3204
14667	3922
14667	11557
14667	13702
14667	18271
14667	19978
14667	20046
14667	25937
23135	16899
21314	17015
9023	9017
10519	2287
10519	6375
10519	10235
24140	4975
9433	1293
9433	2621
9433	2623
9433	3283
9433	3812
9433	3820
9433	3824
9433	4834
9433	5131
9433	6222
9433	6456
9433	6525
9433	6868
9433	7525
9433	7650
9433	8448
9433	12802
9433	13482
9433	13526
9433	14157
9433	14373
9433	15148
9433	17600
9433	17819
9433	17823
9433	17824
9433	18000
9433	18444
9433	22324
9433	22901
9433	24474
9433	24479
9433	24615
9433	26039
17824	1293
17824	2621
17824	2623
17824	3283
17824	3812
17824	3820
17824	3824
17824	4834
17824	5131
17824	6222
17824	6456
17824	6525
17824	6868
17824	7525
17824	7650
17824	8448
17824	9433
17824	12802
17824	13482
17824	13526
17824	14157
17824	14373
17824	15148
17824	17600
17824	17819
17824	17823
17824	18000
17824	18444
17824	22324
17824	22901
17824	24474
17824	24479
17824	24615
17824	26039
1293	2621
1293	2623
1293	3283
1293	3812
1293	3820
1293	3824
1293	4834
1293	5131
1293	6222
1293	6456
1293	6525
1293	6868
1293	7525
1293	7650
1293	8448
1293	9433
1293	12802
1293	13482
1293	13526
1293	14157
1293	14373
1293	15148
1293	17600
1293	17819
1293	17823
1293	17824
1293	18000
1293	18444
1293	22324
1293	22901
1293	24474
1293	24479
1293	24615
1293	26039
2621	1293
2621	2623
2621	3283
2621	3812
2621	3820
2621	3824
2621	4834
2621	5131
2621	6222
2621	6456
2621	6525
2621	6868
2621	7525
2621	7650
2621	8448
2621	9433
2621	12802
2621	13482
2621	13526
2621	14157
2621	14373
2621	15148
2621	17600
2621	17819
2621	17823
2621	17824
2621	18000
2621	18444
2621	22324
2621	22901
2621	24474
2621	24479
2621	24615
2621	26039
2623	1293
2623	2621
2623	3283
2623	3812
2623	3820
2623	3824
2623	4834
2623	5131
2623	6222
2623	6456
2623	6525
2623	6868
2623	7525
2623	7650
2623	8448
2623	9433
2623	12802
2623	13482
2623	13526
2623	14157
2623	14373
2623	15148
2623	17600
2623	17819
2623	17823
2623	17824
2623	18000
2623	18444
2623	22324
2623	22901
2623	24474
2623	24479
2623	24615
2623	26039
3812	1293
3812	2621
3812	2623
3812	3283
3812	3820
3812	3824
3812	4834
3812	5131
3812	6222
3812	6456
3812	6525
3812	6868
3812	7525
3812	7650
3812	8448
3812	9433
3812	12802
3812	13482
3812	13526
3812	14157
3812	14373
3812	15148
3812	17600
3812	17819
3812	17823
3812	17824
3812	18000
3812	18444
3812	22324
3812	22901
3812	24474
3812	24479
3812	24615
3812	26039
3820	1293
3820	2621
3820	2623
3820	3283
3820	3812
3820	3824
3820	4834
3820	5131
3820	6222
3820	6456
3820	6525
3820	6868
3820	7525
3820	7650
3820	8448
3820	9433
3820	12802
3820	13482
3820	13526
3820	14157
3820	14373
3820	15148
3820	17600
3820	17819
3820	17823
3820	17824
3820	18000
3820	18444
3820	22324
3820	22901
3820	24474
3820	24479
3820	24615
3820	26039
3824	1293
3824	2621
3824	2623
3824	3283
3824	3812
3824	3820
3824	4834
3824	5131
3824	6222
3824	6456
3824	6525
3824	6868
3824	7525
3824	7650
3824	8448
3824	9433
3824	12802
3824	13482
3824	13526
3824	14157
3824	14373
3824	15148
3824	17600
3824	17819
3824	17823
3824	17824
3824	18000
3824	18444
3824	22324
3824	22901
3824	24474
3824	24479
3824	24615
3824	26039
5131	1293
5131	2621
5131	2623
5131	3283
5131	3812
5131	3820
5131	3824
5131	4834
5131	6222
5131	6456
5131	6525
5131	6868
5131	7525
5131	7650
5131	8448
5131	9433
5131	12802
5131	13482
5131	13526
5131	14157
5131	14373
5131	15148
5131	17600
5131	17819
5131	17823
5131	17824
5131	18000
5131	18444
5131	22324
5131	22901
5131	24474
5131	24479
5131	24615
5131	26039
24615	1293
24615	2621
24615	2623
24615	3283
24615	3812
24615	3820
24615	3824
24615	4834
24615	5131
24615	6222
24615	6456
24615	6525
24615	6868
24615	7525
24615	7650
24615	8448
24615	9433
24615	12802
24615	13482
24615	13526
24615	14157
24615	14373
24615	15148
24615	17600
24615	17819
24615	17823
24615	17824
24615	18000
24615	18444
24615	22324
24615	22901
24615	24474
24615	24479
24615	26039
6525	1293
6525	2621
6525	2623
6525	3283
6525	3812
6525	3820
6525	3824
6525	4834
6525	5131
6525	6222
6525	6456
6525	6868
6525	7525
6525	7650
6525	8448
6525	9433
6525	12802
6525	13482
6525	13526
6525	14157
6525	14373
6525	15148
6525	17600
6525	17819
6525	17823
6525	17824
6525	18000
6525	18444
6525	22324
6525	22901
6525	24474
6525	24479
6525	24615
6525	26039
6868	1293
6868	2621
6868	2623
6868	3283
6868	3812
6868	3820
6868	3824
6868	4834
6868	5131
6868	6222
6868	6456
6868	6525
6868	7525
6868	7650
6868	8448
6868	9433
6868	12802
6868	13482
6868	13526
6868	14157
6868	14373
6868	15148
6868	17600
6868	17819
6868	17823
6868	17824
6868	18000
6868	18444
6868	22324
6868	22901
6868	24474
6868	24479
6868	24615
6868	26039
7525	1293
7525	2621
7525	2623
7525	3283
7525	3812
7525	3820
7525	3824
7525	4834
7525	5131
7525	6222
7525	6456
7525	6525
7525	6868
7525	7650
7525	8448
7525	9433
7525	12802
7525	13482
7525	13526
7525	14157
7525	14373
7525	15148
7525	17600
7525	17819
7525	17823
7525	17824
7525	18000
7525	18444
7525	22324
7525	22901
7525	24474
7525	24479
7525	24615
7525	26039
6456	1293
6456	2621
6456	2623
6456	3283
6456	3812
6456	3820
6456	3824
6456	4834
6456	5131
6456	6222
6456	6525
6456	6868
6456	7525
6456	7650
6456	8448
6456	9433
6456	12802
6456	13482
6456	13526
6456	14157
6456	14373
6456	15148
6456	17600
6456	17819
6456	17823
6456	17824
6456	18000
6456	18444
6456	22324
6456	22901
6456	24474
6456	24479
6456	24615
6456	26039
18000	1293
18000	2621
18000	2623
18000	3283
18000	3812
18000	3820
18000	3824
18000	4834
18000	5131
18000	6222
18000	6456
18000	6525
18000	6868
18000	7525
18000	7650
18000	8448
18000	9433
18000	12802
18000	13482
18000	13526
18000	14157
18000	14373
18000	15148
18000	17600
18000	17819
18000	17823
18000	17824
18000	18444
18000	22324
18000	22901
18000	24474
18000	24479
18000	24615
18000	26039
12802	1293
12802	2621
12802	2623
12802	3283
12802	3812
12802	3820
12802	3824
12802	4834
12802	5131
12802	6222
12802	6456
12802	6525
12802	6868
12802	7525
12802	7650
12802	8448
12802	9433
12802	13482
12802	13526
12802	14157
12802	14373
12802	15148
12802	17600
12802	17819
12802	17823
12802	17824
12802	18000
12802	18444
12802	22324
12802	22901
12802	24474
12802	24479
12802	24615
12802	26039
13482	1293
13482	2621
13482	2623
13482	3283
13482	3812
13482	3820
13482	3824
13482	4834
13482	5131
13482	6222
13482	6456
13482	6525
13482	6868
13482	7525
13482	7650
13482	8448
13482	9433
13482	12802
13482	13526
13482	14157
13482	14373
13482	15148
13482	17600
13482	17819
13482	17823
13482	17824
13482	18000
13482	18444
13482	22324
13482	22901
13482	24474
13482	24479
13482	24615
13482	26039
14373	1293
14373	2621
14373	2623
14373	3283
14373	3812
14373	3820
14373	3824
14373	4834
14373	5131
14373	6222
14373	6456
14373	6525
14373	6868
14373	7525
14373	7650
14373	8448
14373	9433
14373	12802
14373	13482
14373	13526
14373	14157
14373	15148
14373	17600
14373	17819
14373	17823
14373	17824
14373	18000
14373	18444
14373	22324
14373	22901
14373	24474
14373	24479
14373	24615
14373	26039
17600	1293
17600	2621
17600	2623
17600	3283
17600	3812
17600	3820
17600	3824
17600	4834
17600	5131
17600	6222
17600	6456
17600	6525
17600	6868
17600	7525
17600	7650
17600	8448
17600	9433
17600	12802
17600	13482
17600	13526
17600	14157
17600	14373
17600	15148
17600	17819
17600	17823
17600	17824
17600	18000
17600	18444
17600	22324
17600	22901
17600	24474
17600	24479
17600	24615
17600	26039
17819	1293
17819	2621
17819	2623
17819	3283
17819	3812
17819	3820
17819	3824
17819	4834
17819	5131
17819	6222
17819	6456
17819	6525
17819	6868
17819	7525
17819	7650
17819	8448
17819	9433
17819	12802
17819	13482
17819	13526
17819	14157
17819	14373
17819	15148
17819	17600
17819	17823
17819	17824
17819	18000
17819	18444
17819	22324
17819	22901
17819	24474
17819	24479
17819	24615
17819	26039
17823	1293
17823	2621
17823	2623
17823	3283
17823	3812
17823	3820
17823	3824
17823	4834
17823	5131
17823	6222
17823	6456
17823	6525
17823	6868
17823	7525
17823	7650
17823	8448
17823	9433
17823	12802
17823	13482
17823	13526
17823	14157
17823	14373
17823	15148
17823	17600
17823	17819
17823	17824
17823	18000
17823	18444
17823	22324
17823	22901
17823	24474
17823	24479
17823	24615
17823	26039
18444	1293
18444	2621
18444	2623
18444	3283
18444	3812
18444	3820
18444	3824
18444	4834
18444	5131
18444	6222
18444	6456
18444	6525
18444	6868
18444	7525
18444	7650
18444	8448
18444	9433
18444	12802
18444	13482
18444	13526
18444	14157
18444	14373
18444	15148
18444	17600
18444	17819
18444	17823
18444	17824
18444	18000
18444	22324
18444	22901
18444	24474
18444	24479
18444	24615
18444	26039
22901	1293
22901	2621
22901	2623
22901	3283
22901	3812
22901	3820
22901	3824
22901	4834
22901	5131
22901	6222
22901	6456
22901	6525
22901	6868
22901	7525
22901	7650
22901	8448
22901	9433
22901	12802
22901	13482
22901	13526
22901	14157
22901	14373
22901	15148
22901	17600
22901	17819
22901	17823
22901	17824
22901	18000
22901	18444
22901	22324
22901	24474
22901	24479
22901	24615
22901	26039
24479	1293
24479	2621
24479	2623
24479	3283
24479	3812
24479	3820
24479	3824
24479	4834
24479	5131
24479	6222
24479	6456
24479	6525
24479	6868
24479	7525
24479	7650
24479	8448
24479	9433
24479	12802
24479	13482
24479	13526
24479	14157
24479	14373
24479	15148
24479	17600
24479	17819
24479	17823
24479	17824
24479	18000
24479	18444
24479	22324
24479	22901
24479	24474
24479	24615
24479	26039
26039	1293
26039	2621
26039	2623
26039	3283
26039	3812
26039	3820
26039	3824
26039	4834
26039	5131
26039	6222
26039	6456
26039	6525
26039	6868
26039	7525
26039	7650
26039	8448
26039	9433
26039	12802
26039	13482
26039	13526
26039	14157
26039	14373
26039	15148
26039	17600
26039	17819
26039	17823
26039	17824
26039	18000
26039	18444
26039	22324
26039	22901
26039	24474
26039	24479
26039	24615
938	5087
938	5202
15384	17612
15384	22457
16937	7307
16937	20258
20258	7307
20258	16937
8538	25545
2614	3310
2614	10801
12981	18894
677	192
677	4426
4426	192
4426	677
8409	2248
2248	8409
866	12884
866	20173
20173	866
20173	12884
2852	4868
2852	25721
25721	2852
25721	4868
128	3113
128	6920
128	8198
128	16877
6920	128
6920	3113
6920	16877
16877	128
16877	3113
16877	6920
5827	3651
12547	22876
17994	13346
17994	26021
939	482
7601	5218
7601	14265
8442	238
8442	10412
11579	15073
15073	11579
18582	24097
4781	19697
4781	19781
4781	23429
21713	14770
21713	25470
25470	14770
25470	21713
17936	3297
16922	20925
20925	16922
7523	10338
7523	12458
7523	19378
124	7307
124	14181
8055	18880
8055	20765
18880	8055
18880	20765
22645	21811
21811	715
21811	22645
2123	19011
8702	2797
14639	4425
8513	3998
8513	26038
13415	7585
13415	15386
15386	7585
15386	13415
16335	7625
7104	4211
7104	17626
22375	7093
22375	8000
22375	24097
7093	22375
7093	24097
8000	22375
8000	24097
4018	93
4018	20328
20383	1685
20383	7625
20383	8134
20383	16213
20383	24870
573	1356
573	4966
573	13142
573	19657
23772	735
735	23772
23385	8701
7014	9482
7014	9755
7103	5510
13283	2142
13283	20924
13283	23858
13283	24601
23858	2142
23858	13283
23858	20924
23858	24601
3508	5712
9924	1028
9924	8541
9924	12262
9924	18619
9924	18751
12262	1028
12262	8541
12262	9924
12262	18619
12262	18751
22507	1958
22507	9216
22507	24696
23346	7712
15941	3113
15941	4353
15941	6558
15941	14865
15941	16598
4000	13196
6356	20803
2566	6078
2566	9124
2566	16779
24454	449
24454	10615
24454	13469
20853	543
20853	1958
20853	5812
20853	16976
20853	23693
20853	26196
19581	12545
5062	9426
20379	15695
74	2298
74	16129
2298	74
2298	16129
8717	10638
10638	8717
6082	8045
15571	2009
15571	2182
15571	6482
15571	8403
15571	10406
15571	18579
15715	20086
3631	7801
7585	13415
7585	15386
7727	369
7727	6183
7727	16433
17182	4164
22556	2661
22556	24845
3442	914
3442	1493
3442	2243
3442	3811
3442	5162
3442	9090
3442	18633
20775	19140
13558	8669
13558	9038
13558	12213
13558	21710
13558	22318
13558	24888
24888	8669
24888	9038
24888	12213
24888	13558
24888	21710
24888	22318
8669	9038
8669	12213
8669	13558
8669	21710
8669	22318
8669	24888
11878	11213
8738	13031
8738	13334
13334	8738
13334	13031
9103	13352
9103	24877
7038	23114
7038	26065
11418	161
12370	9862
12370	16853
12370	17501
1982	4458
1982	19675
1982	23614
19161	214
19161	3113
19161	21831
19161	22728
21831	214
21831	3113
21831	19161
17590	15108
17590	18042
13026	2710
13026	13196
13026	13205
13026	26023
26023	2710
26023	13026
26023	13205
1897	15108
1897	18042
2561	23094
23094	2561
13481	12587
19724	11712
19724	16106
19724	17670
25911	13384
25911	22876
1969	8472
1969	24141
8472	1969
8472	24141
24141	1969
24141	8472
4750	16747
4750	19147
19147	4750
19147	16747
19234	11712
19379	16575
2563	26088
25903	23637
16971	5228
16971	20170
5228	16971
5228	20170
20170	5228
20170	16971
18608	14339
18608	22816
22816	18608
14339	18608
5634	4472
5634	9124
8870	18094
13604	8815
19962	5767
19962	20765
11910	8666
11910	12141
7280	7267
7280	20309
20309	7267
20309	7280
7267	7280
7267	20309
18067	21968
19881	9426
8891	11893
8891	25667
25667	8891
25667	11893
22189	13929
22189	23509
18995	4104
18995	4431
18995	18208
18995	25607
4431	4104
4431	18208
4431	18995
4431	25607
4104	4431
4104	18208
4104	18995
4104	25607
1793	8786
1793	14078
4261	21695
10881	3651
21165	11015
21165	16389
18941	4298
18941	4416
6776	24733
24733	6776
12644	19350
23859	11426
22976	17750
5698	12720
546	18455
546	23855
18455	546
18909	20765
25784	16429
25784	23503
15175	5695
15175	5901
15175	22493
20620	25271
15127	10055
15127	18524
18524	10055
18524	15127
2334	10180
2334	17587
10180	2334
10180	17587
17587	2334
17587	10180
21016	14051
4782	4575
4782	15582
4782	17472
4782	19707
4782	19992
4782	21930
4782	24835
17472	4575
17472	4782
17472	15582
17472	19707
17472	19992
17472	21930
17472	24835
21930	4575
21930	4782
21930	15582
21930	17472
21930	19707
21930	19992
21930	24835
25217	7546
22372	11785
22372	19954
11215	23156
23156	11215
23616	19781
4773	3231
4773	4705
4773	6411
4773	8261
4773	8549
4773	8823
4773	9639
4773	11464
4773	16352
4773	17997
4773	19808
4773	19870
4773	20532
4773	21931
4773	22369
21931	3231
21931	4705
21931	4773
21931	6411
21931	8261
21931	8549
21931	8823
21931	9639
21931	16352
21931	19808
21931	19870
19808	3231
19808	4705
19808	4773
19808	6411
19808	8261
19808	8549
19808	8823
19808	9639
19808	16352
19808	19870
19808	21931
4705	3231
4705	4773
4705	6411
4705	8261
4705	8549
4705	8823
4705	9639
4705	16352
4705	19808
4705	19870
4705	21931
2203	20182
21090	5385
21090	12678
21090	18723
23970	7718
23970	19502
7718	19502
7718	23970
19502	7718
19502	23970
2450	231
2450	21012
11539	782
11539	15227
11539	16655
16655	782
16655	11539
16655	15227
7088	7546
7088	12425
3178	3386
3178	4458
3178	4989
3178	19675
3178	23614
4989	3178
4989	4458
4989	19675
4989	23614
7265	2754
7265	5511
7265	7479
7265	10056
10056	2754
10056	5511
10056	7265
10056	7479
2754	5511
2754	7265
2754	7479
2754	10056
5511	2754
5511	7265
5511	7479
5511	10056
2848	11275
2848	18511
22621	12130
22621	13929
22621	23110
24726	27
24726	11114
24726	19081
24726	25540
19081	27
19081	11114
19081	24726
19081	25540
27	11114
27	19081
27	24726
27	25540
11114	27
11114	19081
11114	24726
11114	25540
21205	543
21205	6434
21205	7883
21289	4013
21289	7154
13680	14864
3748	17503
17503	3748
11401	2710
11401	5794
19469	18140
19469	24057
15259	25136
10602	20805
20805	10602
11467	19575
19575	11467
4038	7058
4038	23811
7058	4038
7058	23811
23811	4038
23811	7058
15626	8678
1878	12338
1878	15800
12338	1878
12338	15800
15800	1878
15800	12338
71	3316
12660	6944
12660	14372
12660	21508
12660	26178
26178	6944
26178	12660
26178	14372
26178	21508
6944	12660
6944	14372
6944	21508
6944	26178
14372	6944
14372	12660
14372	21508
14372	26178
3731	624
3731	5407
3731	9099
3731	15184
3731	19640
3731	23577
3731	23649
3731	24293
3731	25201
5407	624
5407	3731
5407	9099
5407	15184
5407	19640
5407	23577
5407	23649
5407	24293
5407	25201
9099	624
9099	3731
9099	5407
9099	15184
9099	19640
9099	23577
9099	23649
9099	24293
9099	25201
23577	624
23577	3731
23577	5407
23577	9099
23577	15184
23577	19640
23577	23649
23577	24293
23577	25201
23649	624
23649	3731
23649	5407
23649	9099
23649	15184
23649	19640
23649	23577
23649	24293
23649	25201
3719	5067
3719	6907
3719	8072
3719	8375
3719	9025
3719	9639
3719	13649
3719	19545
3719	22527
3719	25060
3719	25289
8072	3719
8072	5067
8072	6907
8072	8375
8072	9025
8072	9639
8072	13649
8072	19545
8072	22527
8072	25060
8072	25289
8375	3719
8375	5067
8375	6907
8375	8072
8375	9025
8375	9639
8375	13649
8375	19545
8375	22527
8375	25060
8375	25289
19545	3719
19545	5067
19545	6907
19545	8072
19545	8375
19545	9025
19545	9639
19545	13649
19545	22527
19545	25060
19545	25289
25060	3719
25060	5067
25060	6907
25060	8072
25060	8375
25060	9025
25060	9639
25060	13649
25060	19545
25060	22527
25060	25289
9130	25095
25095	9130
7638	7648
7638	13966
7648	7638
7648	13966
1383	3377
17859	16159
17859	20066
17859	23134
20066	17859
25059	10513
1010	2749
2749	1010
4189	1149
4189	5829
5829	4189
8049	6774
8049	10243
8049	15538
8049	19423
8049	21012
8049	22457
8049	22691
8049	23452
20949	6176
20949	15161
20949	20940
15161	20940
15161	20949
12263	1229
18905	9829
18905	21563
21563	9829
21563	18905
6078	2566
11642	25230
25230	11642
733	19233
733	19297
13862	4195
13862	12587
13862	24402
403	13364
25228	231
25228	8589
25228	14924
25228	16994
25228	24001
321	6857
321	19059
8147	14149
7991	3066
7991	8116
7991	11609
7991	22457
3066	1782
3066	7991
3066	8116
3066	10726
3066	11609
3066	22457
11609	65
11609	357
11609	3066
11609	7991
11609	8116
11609	22457
11609	23300
11609	24960
14385	1832
14385	9397
14385	9755
1832	9397
1832	9755
1832	14385
9980	1265
9980	21281
5256	5257
5256	22827
5257	5256
5257	22827
22827	5256
22827	5257
15301	2710
15301	10601
10601	2710
10601	15301
16014	6350
9488	4164
16015	22938
22938	16015
5602	320
5602	15108
3204	2810
3204	3922
3204	11557
3204	14667
3204	20046
3204	25937
20528	19350
18758	10711
18758	13276
18758	21497
24	3858
24	15774
24	19517
24	23161
15774	24
7485	3651
7485	9389
7485	24924
9389	3651
9389	7485
9389	24924
20333	4262
4262	20333
3280	12781
3280	23403
6701	10407
10407	6701
14498	2072
7769	17118
7769	18065
17118	7769
17118	18065
4469	396
12861	3876
12861	5695
12861	12611
3876	5695
3876	12611
3876	12861
14497	6575
14497	24101
14497	24385
15972	16994
5406	22435
22435	5406
9759	24814
15669	8768
15669	22975
15669	23552
6176	20940
6176	20949
26021	13346
26021	17994
26059	13682
26059	16749
26059	26038
12745	12712
23240	4727
11120	16340
11120	17851
11120	20233
20233	11120
20538	17884
20538	23529
20537	20543
20537	24439
16340	11120
3053	1375
2329	17178
2329	24846
24846	2329
24846	17178
12460	10338
12460	12458
12460	16651
12460	19378
3594	3501
3594	12453
3594	22523
3594	23713
23713	3501
23713	3594
23713	12453
23713	22523
4366	410
410	4366
11713	12720
3388	3818
3388	6735
3388	23167
21544	3243
18558	15935
9211	13413
13413	9211
3850	12040
2249	5957
2249	6077
2249	6611
2249	8672
2249	12118
2249	19955
2249	21832
2249	24814
6077	2249
6077	5957
6077	6611
6077	8672
6077	12118
6077	19955
6077	21832
6077	24814
6611	2249
6611	5957
6611	6077
6611	8672
6611	12118
6611	19955
6611	21832
6611	24814
8672	2249
8672	5957
8672	6077
8672	6611
8672	12118
8672	19955
8672	21832
8672	24814
19955	2249
19955	5957
19955	6077
19955	6611
19955	8672
19955	12118
19955	21832
19955	24814
21832	2249
21832	5957
21832	6077
21832	6611
21832	8672
21832	12118
21832	19955
21832	24814
19473	23812
23812	19473
6024	320
6024	15108
2074	5107
2074	14067
4037	9327
4037	25663
25663	4037
25663	9327
6702	13008
19443	14157
19443	23492
19443	24708
24214	4116
4116	24214
8255	24575
4106	1989
4106	7515
4106	17782
4106	18231
22728	19161
3197	14924
3197	16994
3197	22790
25839	8446
25839	25649
25649	8446
25649	25839
9026	22404
6316	13635
18623	2287
25496	19314
25496	19880
25496	25543
25496	26019
25496	26048
19314	19880
19314	25496
19314	25543
19314	26019
19314	26048
25543	19314
25543	19880
25543	25496
25543	26019
25543	26048
26048	19314
26048	19880
26048	25496
26048	25543
26048	26019
26019	19314
26019	19880
26019	25496
26019	25543
26019	26048
19880	19314
19880	25496
19880	25543
19880	26019
19880	26048
24820	20707
20707	24820
5486	8366
8366	5486
16353	4958
16353	9606
16353	10884
14844	10338
20332	6350
20332	8372
20332	13628
20332	15246
15246	6350
15246	8372
15246	13628
15246	20332
7883	543
7883	6434
7883	21205
5261	6282
6282	5261
29	20243
1959	9723
1959	15568
9723	1959
9723	15568
16958	7712
16649	14599
16649	18140
16649	20879
9459	5529
9459	7247
9459	11829
7247	5529
7247	9459
7247	11829
11829	5529
11829	7247
11829	9459
16889	16056
8824	3164
8824	18487
2202	9829
2202	12212
2202	17233
2202	24271
24271	2202
24271	9829
24271	12212
24271	17233
17251	1149
23910	20478
6905	2072
6905	13190
19687	3843
19687	4488
19687	14374
19687	18299
14374	3843
14374	4488
14374	18299
14374	19687
11612	1653
11612	24944
24944	1653
24944	11612
1404	281
1404	2562
1404	11199
1404	20567
2562	281
2562	1404
2562	11199
2562	20567
11199	281
11199	1404
11199	2562
11199	20567
8310	2912
25511	8512
25511	9715
25511	25492
8512	9715
8512	25492
8512	25511
25492	8512
25492	9715
25492	25511
23623	4379
23623	8471
19150	1014
19150	5209
19150	12478
19150	25902
1014	5209
1014	12478
1014	19150
1014	25902
18908	25531
25531	18908
195	20100
195	20119
195	22366
6558	3113
6558	4353
6558	14865
6558	15941
14865	3113
14865	4353
14865	6558
14865	15941
11822	14051
21548	6675
17163	3953
17163	15568
17163	22954
22954	3953
22954	15568
22954	17163
16779	2566
16779	9124
165	3804
165	17194
16506	21650
16506	22336
16506	23708
12043	4896
12043	22890
2309	6532
2309	9763
2309	17626
6532	2309
6532	9763
6532	17626
22791	1620
22791	7689
25937	2810
25937	3204
25937	3922
25937	11557
25937	14667
25937	20046
1341	6218
1341	7355
1341	14357
1341	20373
5973	9606
5973	12122
12122	5973
12122	9606
11491	10762
11491	12659
11491	21324
18742	4896
18489	11223
1834	482
1834	5056
5056	482
5056	1834
3965	2846
3965	5622
5622	2846
5622	3965
14559	14534
14559	21125
16129	74
16129	2298
8443	15248
8443	17595
15248	8443
15248	17595
357	65
357	11609
357	23300
357	24960
23300	65
23300	357
23300	11609
23300	24960
24960	65
24960	357
24960	11609
24960	23300
9038	8669
9038	12213
9038	13558
9038	21710
9038	22318
9038	24888
22318	8669
22318	9038
22318	12213
22318	13558
22318	21710
22318	24888
12213	8669
12213	9038
12213	13558
12213	21710
12213	22318
12213	24888
21710	8669
21710	9038
21710	12213
21710	13558
21710	22318
21710	24888
12050	5364
5364	12050
23146	12266
23146	15678
23146	17134
23146	21436
23146	22815
23146	23488
23146	23915
23146	25575
11893	8891
11893	25667
352	17228
352	21943
352	23513
17569	2404
1408	9184
1408	18736
1408	20373
25437	14534
183	5194
16084	12545
2823	5564
2823	7317
2823	9127
2823	22177
9127	2823
9127	5564
9127	7317
9127	22177
17851	11120
5061	11132
12688	13096
12688	14599
12688	20879
1552	2054
15420	3716
15420	8801
2475	12135
2475	21928
2475	24765
21928	2475
21928	12135
21928	24765
16743	1278
16743	6218
16743	22798
23266	11442
23266	23485
4635	4575
4635	18940
2810	3204
2810	11557
2810	25937
16892	3062
16892	19572
19110	9721
22577	24412
22577	25440
25440	22577
25440	24412
14	14171
14171	14
7278	21125
12852	4241
14845	5232
14845	19521
5232	14845
5232	19521
19521	5232
19521	14845
2785	3682
2785	17280
2785	19956
3682	2785
3682	17280
3682	19956
19956	2785
19956	3682
19956	17280
10117	832
10117	3387
10117	4703
10117	7447
10117	9764
10117	14340
10117	14370
10117	15006
10117	16231
10117	16590
10117	16730
10117	19957
10117	21848
10117	22320
10117	22423
9764	832
9764	3387
9764	4703
9764	7447
9764	10117
9764	14340
9764	14370
9764	15006
9764	16231
9764	16590
9764	16730
9764	19957
9764	21848
9764	22320
9764	22423
4703	832
4703	3387
4703	7447
4703	9764
4703	10117
4703	14340
4703	14370
4703	15006
4703	16231
4703	16590
4703	16730
4703	19957
4703	21848
4703	22320
4703	22423
3387	832
3387	4703
3387	7447
3387	9764
3387	10117
3387	14340
3387	14370
3387	15006
3387	16231
3387	16590
3387	16730
3387	19957
3387	21848
3387	22320
3387	22423
832	3387
832	4703
832	7447
832	9764
832	10117
832	14340
832	14370
832	15006
832	16231
832	16590
832	16730
832	19957
832	21848
832	22320
832	22423
7447	832
7447	3387
7447	4703
7447	9764
7447	10117
7447	14340
7447	14370
7447	15006
7447	16231
7447	16590
7447	16730
7447	19957
7447	21848
7447	22320
7447	22423
14340	832
14340	3387
14340	4703
14340	7447
14340	9764
14340	10117
14340	14370
14340	15006
14340	16231
14340	16590
14340	16730
14340	19957
14340	21848
14340	22320
14340	22423
14370	832
14370	3387
14370	4703
14370	7447
14370	9764
14370	10117
14370	14340
14370	15006
14370	16231
14370	16590
14370	16730
14370	19957
14370	21848
14370	22320
14370	22423
15006	832
15006	3387
15006	4703
15006	7447
15006	9764
15006	10117
15006	14340
15006	14370
15006	16231
15006	16590
15006	16730
15006	19957
15006	21848
15006	22320
15006	22423
16231	832
16231	3387
16231	4703
16231	7447
16231	9764
16231	10117
16231	14340
16231	14370
16231	15006
16231	16590
16231	16730
16231	19957
16231	21848
16231	22320
16231	22423
16590	832
16590	3387
16590	4703
16590	7447
16590	9764
16590	10117
16590	14340
16590	14370
16590	15006
16590	16231
16590	16730
16590	19957
16590	21848
16590	22320
16590	22423
16730	832
16730	3387
16730	4703
16730	7447
16730	9764
16730	10117
16730	14340
16730	14370
16730	15006
16730	16231
16730	16590
16730	19957
16730	21848
16730	22320
16730	22423
19957	832
19957	3387
19957	4703
19957	7447
19957	9764
19957	10117
19957	14340
19957	14370
19957	15006
19957	16231
19957	16590
19957	16730
19957	21848
19957	22320
19957	22423
21848	832
21848	3387
21848	4703
21848	7447
21848	9764
21848	10117
21848	14340
21848	14370
21848	15006
21848	16231
21848	16590
21848	16730
21848	19957
21848	22320
21848	22423
22320	832
22320	3387
22320	4703
22320	7447
22320	9764
22320	10117
22320	14340
22320	14370
22320	15006
22320	16231
22320	16590
22320	16730
22320	19957
22320	21848
22320	22423
5774	10432
4836	9593
17464	320
17464	15108
10154	9224
10154	16830
11113	21723
11113	23836
11113	25050
