20574	23712
20574	24718
2295	19800
15108	320
15108	1488
15108	1594
15108	1897
15108	2556
15108	4550
15108	4588
15108	5602
15108	6024
15108	9030
15108	13096
15108	14496
15108	15321
15108	16967
15108	17464
15108	17590
15108	18042
15108	20059
15108	20827
15108	21315
15108	22770
15108	25056
17502	15951
17502	17740
17740	15951
17740	17502
25387	11522
25387	12235
25387	22129
19922	5483
19922	8641
19922	18884
19922	22727
19922	23855
8641	5483
8641	18884
8641	19922
8641	22727
8641	23855
8595	4442
8595	14534
8595	14691
14691	4442
14691	8595
14691	14534
15938	11318
15938	11400
15938	25660
12324	7307
12324	8876
12324	9017
12324	13831
12324	21944
21944	7307
21944	9017
21944	12324
21944	13831
23806	4068
23806	13929
23806	16414
9419	25006
15947	18297
2487	3052
3052	2487
3052	5605
3052	6711
3052	16232
3052	22725
25516	934
25516	1674
25516	4013
25516	13196
25516	14991
25516	16640
25516	20004
25516	25034
23653	23394
309	9591
309	10677
309	17015
309	17453
309	20560
21159	13422
11148	1186
11148	3409
11148	7844
11148	12365
11148	13597
11148	16722
11148	16876
11148	18719
11148	18866
11148	19992
188	17461
188	22920
4376	10652
4376	18246
4376	20934
4376	25209
10652	1588
10652	4376
10652	8063
10652	13801
10652	22979
2596	6666
2596	23464
2596	25644
25644	2596
25644	6666
25644	23464
13990	16482
13990	18913
10356	19062
19062	10356
4258	1488
4258	5608
4258	5771
4258	6675
4258	16264
4258	18741
4258	25107
4258	25439
106	22
106	2710
106	11183
106	15793
11183	22
11183	106
11183	15793
1896	7829
1896	8063
1896	8973
1896	11102
1896	14600
1896	19101
1896	23138
1896	25220
10186	6556
4372	10880
4372	16598
10880	4372
10880	16598
16598	3851
16598	4372
16598	10880
16598	15941
6913	2720
4195	7007
4195	8737
4195	12587
4195	13862
4195	24402
2797	7011
2797	8702
2797	10456
2797	14952
2797	15971
2797	17113
2797	18159
2797	20315
15971	2797
15971	9913
15971	13520
15971	14952
15971	15200
9763	2309
9763	6532
9763	10597
9763	17626
10552	11275
3185	10081
18195	15197
18195	18215
15197	18195
15197	18215
18658	2115
18658	18667
23302	8365
23302	9017
23302	14746
9937	8768
9937	12149
9937	16389
9937	16414
9937	21754
9937	23038
9937	24270
15913	13404
19682	1658
19682	6023
19682	13624
19682	22275
21657	10597
9432	2770
9432	7095
9432	14033
9432	22483
9432	25286
8219	13096
8219	13142
21613	11444
21613	15617
21613	16589
7807	11828
11828	7807
14128	2805
14128	13096
14128	13740
14128	25006
16946	6056
16946	8116
16946	22457
20155	5216
20155	21466
2352	22502
22502	2352
22502	22336
22502	23708
6904	12016
6904	18271
6904	18899
6904	19865
19945	135
19945	1776
19945	9143
19945	14599
19945	15816
200	492
200	6708
200	7013
200	8151
200	9020
200	9021
200	9208
200	9471
200	9722
200	16882
200	17022
200	19586
200	19678
200	24861
492	200
492	6708
492	7013
492	8151
492	9020
492	9021
492	9208
492	9471
492	9722
492	16882
492	17022
492	19586
492	19678
492	24861
19678	200
19678	492
19678	6708
19678	7013
19678	8151
19678	9020
19678	9021
19678	9208
19678	9471
19678	9722
19678	16882
19678	17022
19678	19586
19678	24861
6708	200
6708	492
6708	7013
6708	8151
6708	9020
6708	9021
6708	9208
6708	9471
6708	9722
6708	16882
6708	17022
6708	19586
6708	19678
6708	24861
8151	200
8151	492
8151	6708
8151	7013
8151	9020
8151	9021
8151	9208
8151	9471
8151	9722
8151	16882
8151	17022
8151	19586
8151	19678
8151	24861
9020	200
9020	492
9020	6708
9020	7013
9020	8151
9020	9021
9020	9208
9020	9471
9020	9722
9020	16882
9020	17022
9020	19586
9020	19678
9020	24861
9021	200
9021	492
9021	6708
9021	7013
9021	8151
9021	9020
9021	9208
9021	9471
9021	9722
9021	16882
9021	17022
9021	19586
9021	19678
9021	24861
9208	200
9208	492
9208	6708
9208	7013
9208	8151
9208	9020
9208	9021
9208	9471
9208	9722
9208	16882
9208	17022
9208	19586
9208	19678
9208	24861
16882	200
16882	492
16882	6708
16882	7013
16882	8151
16882	9020
16882	9021
16882	9208
16882	9471
16882	9722
16882	17022
16882	19586
16882	19678
16882	24861
17022	200
17022	492
17022	6708
17022	7013
17022	8151
17022	9020
17022	9021
17022	9208
17022	9471
17022	9722
17022	16882
17022	19586
17022	19678
17022	24861
19586	200
19586	492
19586	6708
19586	7013
19586	8151
19586	9020
19586	9021
19586	9208
19586	9471
19586	9722
19586	16882
19586	17022
19586	19678
19586	24861
24861	200
24861	492
24861	6708
24861	7013
24861	8151
24861	9020
24861	9021
24861	9208
24861	9471
24861	9722
24861	16882
24861	17022
24861	19586
24861	19678
9722	200
9722	492
9722	6708
9722	7013
9722	8151
9722	9020
9722	9021
9722	9208
9722	9471
9722	16882
9722	17022
9722	19586
9722	19678
9722	24861
6375	727
6375	2287
6375	10235
6375	10519
6375	18580
18580	2287
18580	6375
22770	15108
3119	15516
3119	19004
22197	2449
22197	18453
22197	20100
22197	20236
24034	6056
24034	16819
24034	24023
16819	6056
16819	24034
10163	1281
10163	3653
10163	12551
10163	18621
10163	24207
10163	25287
1281	3653
1281	10163
1281	12551
1281	18621
1281	24207
1281	25287
25287	1281
25287	3653
25287	10163
25287	12551
25287	18621
25287	24207
3653	1281
3653	10163
3653	12551
3653	18621
3653	24207
3653	25287
6482	1855
6482	2009
6482	2527
6482	5057
6482	8403
6482	11785
6482	14834
6482	15571
6482	17874
6482	18227
6482	18579
6482	20772
6482	26193
20772	6482
20772	14834
20772	26193
18910	9482
18910	15538
22979	1588
22979	10652
22979	13801
22979	23967
16858	17038
16858	17113
16858	17389
21293	7094
21293	14067
10432	5774
10432	16891
16891	10432
2624	24202
24202	2624
17934	12842
17015	309
17015	9591
17015	10677
17015	20560
17015	21314
15572	7356
7356	15572
5216	4143
5216	20155
5216	21466
17419	93
17419	4103
17419	4525
17419	12312
17419	13346
17419	16608
17419	20328
17419	25172
25172	113
25172	2155
25172	5078
25172	7045
25172	13346
25172	17419
25172	20122
25172	20947
17564	18408
6185	6524
19605	10039
19605	11964
2661	8067
2661	11132
2661	12980
2661	14969
2661	22556
2661	23382
2661	24845
24845	2661
24845	8067
24845	11132
24845	11402
24845	12980
24845	14969
24845	22556
24845	23382
18233	937
18233	14924
18233	15931
15931	3466
15931	14924
15931	15959
15931	18233
15931	18720
15931	19607
15931	19865
15931	23344
15931	24009
15931	24444
23471	11009
23471	20157
20008	1854
20008	25866
6442	2620
6442	3501
6442	12453
6442	17681
6442	19102
6442	20587
6442	25449
12453	543
12453	2620
12453	3452
12453	3501
12453	3594
12453	6442
12453	10004
12453	10024
12453	17681
12453	20587
12453	20765
12453	22523
12453	23614
12453	23713
12453	24713
3452	3501
3452	12453
20587	2620
20587	3501
20587	6442
20587	10024
20587	12453
20587	17681
17953	23458
17953	24924
23458	748
23458	17953
23458	19297
23458	24924
5352	3916
5352	5729
5352	10490
5352	10588
17988	22574
23950	22806
23950	22951
8593	17923
8593	18122
8593	21853
17923	8593
17923	18122
17923	18771
17923	21853
2155	113
2155	4416
2155	9511
2155	9889
2155	13142
2155	13346
2155	16817
2155	17187
2155	20122
2155	25172
23554	19520
23554	23084
8811	22021
22021	8811
5767	10931
5767	19962
5767	20765
5767	21771
6010	17501
6010	22299
2332	18544
2332	21596
21596	2332
21596	18544
18544	2332
18544	21596
17794	2959
17794	5541
17794	5807
17794	14661
17794	22184
16783	15642
16783	17563
17563	15642
17563	16783
18522	15353
22105	22876
22105	25378
20059	1488
20059	4013
20059	4550
20059	7154
20059	7386
20059	8211
20059	15108
5605	1000
5605	1694
5605	3052
5605	6288
5605	6711
5605	7615
5605	12070
5605	13008
5605	22725
5605	25402
6711	3052
6711	5605
6711	22725
22725	3052
22725	5605
22725	6711
22725	16232
2307	16032
2307	22457
12252	22404
22404	9026
22404	12252
10000	25286
19783	14123
18669	19866
18669	25545
19866	18669
19866	25545
25545	8538
25545	18669
25545	19866
11528	6878
11528	19450
19450	11528
15400	7350
11107	1229
11107	4422
11107	6264
11107	9471
11107	12842
11107	14599
11107	15477
11107	23620
23620	1606
23620	6264
23620	7985
23620	11107
7536	7534
7534	7536
113	2155
113	3383
113	13346
113	25172
3383	113
23989	19865
1344	18126
18126	1344
1776	135
1776	14599
1776	15816
1776	19945
15816	135
15816	1776
15816	14599
15816	19945
13624	12806
13624	14599
13624	19682
13624	22275
13624	24057
15907	14690
14009	2710
14009	5807
14009	13190
18667	2115
18667	7857
18667	18658
7357	3651
7357	3877
7357	4354
7357	5412
7357	6544
7357	7719
7357	9397
7357	10477
7357	11445
7357	12788
7357	18185
7357	19246
7357	19463
7357	20716
7357	20780
7357	21861
7357	22284
7357	22601
7357	22741
7357	23514
10477	3651
10477	3877
10477	4354
10477	5412
10477	6544
10477	7357
10477	7719
10477	9397
10477	11445
10477	12788
10477	18185
10477	19246
10477	19463
10477	20716
10477	20780
10477	21861
10477	22284
10477	22601
10477	22741
10477	23514
3877	3651
3877	4354
3877	5412
3877	6544
3877	7357
3877	7719
3877	9397
3877	10477
3877	11445
3877	12788
3877	18185
3877	19246
3877	19463
3877	20716
3877	20780
3877	21861
3877	22284
3877	22601
3877	22741
3877	23514
4354	3651
4354	3877
4354	5412
4354	6544
4354	7357
4354	7719
4354	9397
4354	10477
4354	11445
4354	12788
4354	18185
4354	19246
4354	19463
4354	20716
4354	20780
4354	21861
4354	22284
4354	22601
4354	22741
4354	23514
5412	3651
5412	3877
5412	4354
5412	6544
5412	7357
5412	7719
5412	9397
5412	10477
5412	11445
5412	12788
5412	18185
5412	19246
5412	19463
5412	20716
5412	20780
5412	21861
5412	22284
5412	22601
5412	22741
5412	23514
6544	3651
6544	3877
6544	4354
6544	5412
6544	7357
6544	7719
6544	9397
6544	10477
6544	11445
6544	12788
6544	18185
6544	19246
6544	19463
6544	20716
6544	20780
6544	21861
6544	22284
6544	22601
6544	22741
6544	23514
7719	3651
7719	3877
7719	4354
7719	5412
7719	6544
7719	7357
7719	9397
7719	10477
7719	11445
7719	12788
7719	18185
7719	19246
7719	19463
7719	20716
7719	20780
7719	21861
7719	22284
7719	22601
7719	22741
7719	23514
9397	1832
9397	3651
9397	3877
9397	4354
9397	5412
9397	6544
9397	7357
9397	7719
9397	9755
9397	10477
9397	11445
9397	12788
9397	14385
9397	18185
9397	19246
9397	19463
9397	20716
9397	20780
9397	21861
9397	22284
9397	22601
9397	22741
9397	23514
11445	3651
11445	3877
11445	4354
11445	5412
11445	6544
11445	7357
11445	7719
11445	9397
11445	10477
11445	12788
11445	18185
11445	19246
11445	19463
11445	20716
11445	20780
11445	21861
11445	22284
11445	22601
11445	22741
11445	23514
12788	3651
12788	3877
12788	4354
12788	5412
12788	6544
12788	7357
12788	7719
12788	9397
12788	10477
12788	11445
12788	18185
12788	19246
12788	19463
12788	20716
12788	20780
12788	21861
12788	22284
12788	22601
12788	22741
12788	23514
18185	3651
18185	3877
18185	4354
18185	5412
18185	6544
18185	7357
18185	7719
18185	9397
18185	10477
18185	11445
18185	12788
18185	19246
18185	19463
18185	20716
18185	20780
18185	21861
18185	22284
18185	22601
18185	22741
18185	23514
19246	3651
19246	3877
19246	4354
19246	5412
19246	6544
19246	7357
19246	7719
19246	9397
19246	10477
19246	11445
19246	12788
19246	18185
19246	19463
19246	20716
19246	20780
19246	21861
19246	22284
19246	22601
19246	22741
19246	23514
19463	3651
19463	3877
19463	4354
19463	5412
19463	6544
19463	7357
19463	7719
19463	9397
19463	10477
19463	11445
19463	12788
19463	18185
19463	19246
19463	20716
19463	20780
19463	21861
19463	22284
19463	22601
19463	22741
19463	23514
20780	3651
20780	3877
20780	4354
20780	5412
20780	6544
20780	7357
20780	7719
20780	9397
20780	10477
20780	11445
20780	12788
20780	18185
20780	19246
20780	19463
20780	20716
20780	21861
20780	22284
20780	22601
20780	22741
20780	23514
21861	3651
21861	3877
21861	4354
21861	5412
21861	6544
21861	7357
21861	7719
21861	9397
21861	10477
21861	11445
21861	12788
21861	18185
21861	19246
21861	19463
21861	20716
21861	20780
21861	22284
21861	22601
21861	22741
21861	23514
22284	3651
22284	3877
22284	4354
22284	5412
22284	6544
22284	7357
22284	7719
22284	9397
22284	10477
22284	11445
22284	12788
22284	18185
22284	19246
22284	19463
22284	20716
22284	20780
22284	21861
22284	22601
22284	22741
22284	23514
22741	3651
22741	3877
22741	4354
22741	5412
22741	6544
22741	7357
22741	7719
22741	9397
22741	10477
22741	11445
22741	12788
22741	18185
22741	19246
22741	19463
22741	20716
22741	20780
22741	21861
22741	22284
22741	22601
22741	23514
23514	3651
23514	3877
23514	4354
23514	5412
23514	6544
23514	7357
23514	7719
23514	9397
23514	10477
23514	11445
23514	12788
23514	18185
23514	19246
23514	19463
23514	20716
23514	20780
23514	21861
23514	22284
23514	22601
23514	22741
7091	449
7091	3547
7091	14707
6638	1322
6638	10925
6638	15195
6638	16068
6638	17467
6638	22778
1738	9124
1738	11611
1738	20779
19440	22
19440	15793
19440	24490
24490	19440
23403	3280
23403	5510
23403	7844
23403	11053
23403	12365
23403	12781
23403	13411
23403	18866
23403	20391
23403	20774
23403	21508
4276	24159
24159	717
24159	4276
24159	17865
6535	3206
23387	6700
23387	18487
5402	18297
1376	4267
4267	1376
5995	3345
5995	5266
5995	24431
6631	5597
1289	1560
1289	4365
1289	10906
4365	1289
10918	7911
10918	19723
10918	20253
23219	5519
23219	23809
23809	5519
23809	17818
23809	19697
23809	23219
2630	1915
2630	6724
2630	7563
2630	14403
2630	18088
19978	13702
19978	14667
19978	18271
11841	25316
7098	396
7098	3743
7098	21184
16722	1186
16722	7844
16722	11148
16722	12365
16722	16876
16722	18719
16722	18866
1229	9471
1229	11107
1229	12263
1229	12842
1229	17911
1229	20879
1229	26127
17126	11318
17126	11400
9993	4068
9993	16389
9993	23038
9993	23051
18778	88
18778	1995
18778	2338
18778	2449
18778	2530
18778	2535
18778	4355
18778	4755
18778	6340
18778	6512
18778	7197
18778	7635
18778	9313
18778	9656
18778	9869
18778	10350
18778	12507
18778	12884
18778	14648
18778	14766
18778	15010
18778	15244
18778	15933
18778	16654
18778	17807
18778	18225
18778	18453
18778	18511
18778	19114
18778	19645
18778	19939
18778	20576
18778	21178
18778	22366
12409	3872
12409	5109
12409	16174
5109	3872
5109	12409
16174	3872
16174	12409
16174	15784
16174	18648
18235	5052
7444	88
7444	1488
7444	1995
7444	2338
7444	2530
7444	2535
7444	4755
7444	6340
7444	6512
7444	7197
7444	7635
7444	9656
7444	10350
7444	12507
7444	12968
7444	14766
7444	15010
7444	15244
7444	15457
7444	16654
7444	17807
7444	18225
7444	19645
7444	19939
7444	20574
7444	21629
7444	23712
7444	24718
14552	365
14552	6774
14552	9889
14552	15585
14552	18579
15585	365
15585	6774
15585	9889
15585	14552
15585	18579
19544	7829
25111	4624
25111	7463
25111	12786
25111	13673
25111	24057
22000	25136
25136	15259
25136	22000
1327	21543
16565	4793
16565	6218
16565	16543
16565	16553
2771	5655
2771	13619
2771	18585
2771	22426
348	5660
348	15847
5660	348
5660	15847
15847	348
15847	5660
18884	8641
18884	19922
16648	14149
22696	8768
22696	16414
15007	21190
205	3716
205	8391
205	13614
205	23708
205	24101
205	24385
16568	5385
16568	13813
16568	24589
16568	24620
22929	7087
16011	7087
7446	6095
7446	16155
7446	25236
7446	25435
6095	7446
6095	25236
6095	25435
25236	6095
25236	7446
25236	25435
22439	3345
22439	9710
22439	19107
315	21297
21297	315
21297	11194
16659	8732
16659	14746
16659	22377
8732	14746
8732	16659
8732	22377
22377	8732
22377	14746
22377	16659
13029	5629
13029	26038
13029	26065
5629	10499
5629	13029
5629	16718
5629	25599
17385	1151
17385	2410
17385	3843
17385	4488
17385	6301
17385	6465
17385	6823
17385	13404
17385	15414
17385	15891
17385	18743
17385	20595
17385	22032
17385	22903
17385	23674
17385	24294
17385	24706
17385	25998
12386	593
12386	12627
12386	13333
12386	16778
12386	23896
13333	593
13333	12386
13333	12627
13333	16778
13333	23896
11969	1967
11969	18996
1967	11969
1967	18996
18996	1967
18996	11969
23110	9943
23110	12130
23110	12268
23110	13929
23110	16006
23110	16357
23110	22188
23110	22621
7481	5695
7481	5901
7481	13801
6156	14165
6156	15244
6156	15435
6156	18381
18381	6156
18381	14165
18381	15244
18381	15435
22423	832
22423	3387
22423	4703
22423	7447
22423	9764
22423	10117
22423	14340
22423	14370
22423	15006
22423	16032
22423	16231
22423	16590
22423	16730
22423	19957
22423	21848
22423	22320
3291	4371
3291	11557
3291	20046
10765	3113
10765	8312
10765	11621
10765	17538
10765	18924
10765	25978
15712	19596
19596	15712
5365	15814
15814	615
15814	1588
15814	4983
15814	5365
15814	5773
15814	8612
15814	9360
15814	13056
15814	15144
15814	16083
15814	19107
15814	24696
5144	14159
5144	24852
8087	1765
8087	15081
8087	22309
3292	21650
10499	5629
17956	12406
17956	16270
17956	16584
17956	18543
17956	20375
18065	4724
18065	7769
18065	11572
18065	13369
18065	15977
18065	16694
18065	17118
18065	19865
25597	2789
25597	7307
25597	13831
21630	6963
21630	16694
24943	8503
1292	6648
1292	10341
1292	14840
10341	1292
10341	6648
10341	14840
14840	1292
14840	6648
14840	10341
14840	14840
6648	1292
6648	6648
6648	10341
6648	14840
9732	2870
9732	6963
9732	19340
9732	21583
11030	6012
11030	9591
11030	17453
11030	23946
11030	25611
23946	6012
23946	9591
23946	11030
23946	17453
23946	25611
25611	6012
25611	9591
25611	11030
25611	17453
25611	23946
3194	12842
15209	16495
15209	23552
11572	6963
11572	16694
11572	18065
3948	4013
3948	16640
2184	15998
2184	24183
2184	26004
6538	5478
6538	5738
6538	8349
6538	16040
6538	17252
6538	18142
16040	6538
628	5825
20536	10791
20536	23529
25684	1653
25684	16640
25684	21281
14652	3501
14652	9968
14652	21592
21592	3501
21592	9968
21592	14652
9968	3501
9968	14652
9968	21592
10936	19509
10936	19510
10936	23687
19509	10936
4273	5259
4273	6264
4273	7355
4273	20373
7355	1341
7355	4273
7355	4422
7355	5259
7355	6264
7355	14357
7355	20373
7355	26127
5259	4273
5259	6264
5259	7355
5259	20373
5259	26127
21705	4241
21705	14123
21705	14534
6265	8854
17293	15668
17293	25614
17293	26006
15668	17293
15668	25614
15668	26006
25614	15668
25614	17293
25614	26006
26006	15668
26006	17293
26006	25614
20543	20537
20543	21339
20543	24439
21339	20543
21339	24439
20647	4023
20647	13096
20647	22394
4702	13740
4702	19784
19784	4702
19784	13740
25220	1896
25220	11102
2465	3977
2465	5993
2465	8254
2465	12927
17538	3113
17538	8312
17538	10765
17538	11621
17538	18924
17538	25978
25978	3113
25978	8312
25978	10765
25978	11621
25978	17538
25978	18924
10178	3744
10178	24133
24133	3744
24133	10178
7645	11502
7645	12158
7645	13352
7645	17612
7645	18600
7645	19256
26044	4896
16225	17149
16225	26058
2293	3037
2293	17266
2293	24559
1006	8968
1006	16210
21187	4051
21187	26092
750	17911
750	19641
19641	750
19641	17911
16262	18208
25379	8208
25379	23382
3989	17471
17471	3989
8523	920
8523	2511
1105	11891
8589	231
8589	14924
8589	16994
8589	19090
8589	24001
8589	24582
8589	25228
17981	6264
17981	21220
14985	11891
2144	2774
2144	3055
2144	3652
2144	3655
2144	3766
2144	3814
2144	6388
2144	6583
2144	7096
2144	9249
2144	12051
2144	12423
2144	12885
2144	14808
2144	15173
2144	15189
2144	15999
2144	18942
2144	19705
2144	20250
2144	21030
2144	21825
2144	25108
2774	2144
2774	3055
2774	3652
2774	3655
2774	3766
2774	3814
2774	6388
2774	6583
2774	7096
2774	9249
2774	12051
2774	12423
2774	12885
2774	14808
2774	15173
2774	15189
2774	15999
2774	18942
2774	19705
2774	20250
2774	21030
2774	21825
2774	25108
3055	2144
3055	2774
3055	3652
3055	3655
3055	3766
3055	3814
3055	6388
3055	6583
3055	7096
3055	9249
3055	12051
3055	12423
3055	12885
3055	14808
3055	15173
3055	15189
3055	15999
3055	18942
3055	19705
3055	20250
3055	21030
3055	21825
3055	25108
3766	2144
3766	2774
3766	3055
3766	3652
3766	3655
3766	3814
3766	6388
3766	6583
3766	7096
3766	9249
3766	12051
3766	12423
3766	12885
3766	14808
3766	15173
3766	15189
3766	15999
3766	18942
3766	19705
3766	20250
3766	21030
3766	21825
3766	25108
3652	2144
3652	2774
3652	3055
3652	3655
3652	3766
3652	3814
3652	6388
3652	6583
3652	7096
3652	9249
3652	12051
3652	12423
3652	12885
3652	14808
3652	15173
3652	15189
3652	15999
3652	18942
3652	19705
3652	20250
3652	21030
3652	21825
3652	25108
3655	2144
3655	2774
3655	3055
3655	3652
3655	3766
3655	3814
3655	6388
3655	6583
3655	7096
3655	9249
3655	12051
3655	12423
3655	12885
3655	14808
3655	15173
3655	15189
3655	15999
3655	18942
3655	19705
3655	20250
3655	21030
3655	21825
3655	25108
3814	2144
3814	2774
3814	3055
3814	3652
3814	3655
3814	3766
3814	6388
3814	6583
3814	7096
3814	9249
3814	12051
3814	12423
3814	12885
3814	14808
3814	15173
3814	15189
3814	15999
3814	18942
3814	19705
3814	20250
3814	21030
3814	21825
3814	25108
6388	2144
6388	2774
6388	3055
6388	3652
6388	3655
6388	3766
6388	3814
6388	6583
6388	7096
6388	9249
6388	12051
6388	12423
6388	12885
6388	14808
6388	15173
6388	15189
6388	15999
6388	18942
6388	19705
6388	20250
6388	21030
6388	21825
6388	25108
7096	2144
7096	2774
7096	3055
7096	3652
7096	3655
7096	3766
7096	3814
7096	6388
7096	6583
7096	9249
7096	12051
7096	12423
7096	12885
7096	14808
7096	15173
7096	15189
7096	15999
7096	18942
7096	19705
7096	20250
7096	21030
7096	21825
7096	25108
9249	2144
9249	2774
9249	3055
9249	3652
9249	3655
9249	3766
9249	3814
9249	6388
9249	6583
9249	7096
9249	12051
9249	12423
9249	12885
9249	14808
9249	15173
9249	15189
9249	15999
9249	18942
9249	19705
9249	20250
9249	21030
9249	21825
9249	25108
12051	2144
12051	2774
12051	3055
12051	3652
12051	3655
12051	3766
12051	3814
12051	6388
12051	6583
12051	7096
12051	9249
12051	12423
12051	12885
12051	14808
12051	15173
12051	15189
12051	15999
12051	18942
12051	19705
12051	20250
12051	21030
12051	21825
12051	25108
12423	2144
12423	2774
12423	3055
12423	3652
12423	3655
12423	3766
12423	3814
12423	6388
12423	6583
12423	7096
12423	9249
12423	12051
12423	12885
12423	14808
12423	15173
12423	15189
12423	15999
12423	18942
12423	19705
12423	20250
12423	21030
12423	21825
12423	25108
12885	2144
12885	2774
12885	3055
12885	3652
12885	3655
12885	3766
12885	3814
12885	6388
12885	6583
12885	7096
12885	9249
12885	12051
12885	12423
12885	14808
12885	15173
12885	15189
12885	15999
12885	18942
12885	19705
12885	20250
12885	21030
12885	21825
12885	25108
14808	2144
14808	2774
14808	3055
14808	3652
14808	3655
14808	3766
14808	3814
14808	6388
14808	6583
14808	7096
14808	9249
14808	12051
14808	12423
14808	12885
14808	15173
14808	15189
14808	15999
14808	18942
14808	19705
14808	20250
14808	21030
14808	21825
14808	25108
15173	2144
15173	2774
15173	3055
15173	3652
15173	3655
15173	3766
15173	3814
15173	6388
15173	6583
15173	7096
15173	9249
15173	12051
15173	12423
15173	12885
15173	14808
15173	15189
15173	15999
15173	18942
15173	19705
15173	20250
15173	21030
15173	21825
15173	25108
15189	2144
15189	2774
15189	3055
15189	3652
15189	3655
15189	3766
15189	3814
15189	6388
15189	6583
15189	7096
15189	9249
15189	12051
15189	12423
15189	12885
15189	14808
15189	15173
15189	15999
15189	18942
15189	19705
15189	20250
15189	21030
15189	21825
15189	25108
15999	2144
15999	2774
15999	3055
15999	3652
15999	3655
15999	3766
15999	3814
15999	6388
15999	6583
15999	7096
15999	9249
15999	12051
15999	12423
15999	12885
15999	14808
15999	15173
15999	15189
15999	18942
15999	19705
15999	20250
15999	21030
15999	21825
15999	25108
18942	2144
18942	2774
18942	3055
18942	3652
18942	3655
18942	3766
18942	3814
18942	6388
18942	6583
18942	7096
18942	9249
18942	12051
18942	12423
18942	12885
18942	14808
18942	15173
18942	15189
18942	15999
18942	19705
18942	20250
18942	21030
18942	21825
18942	25108
19705	2144
19705	2774
19705	3055
19705	3652
19705	3655
19705	3766
19705	3814
19705	6388
19705	6583
19705	7096
19705	9249
19705	12051
19705	12423
19705	12885
19705	14808
19705	15173
19705	15189
19705	15999
19705	18942
19705	20250
19705	21030
19705	21825
19705	25108
20250	2144
20250	2774
20250	3055
20250	3652
20250	3655
20250	3766
20250	3814
20250	6388
20250	6583
20250	7096
20250	9249
20250	12051
20250	12423
20250	12885
20250	14808
20250	15173
20250	15189
20250	15999
20250	18942
20250	19705
20250	21030
20250	21825
20250	25108
21030	2144
21030	2774
21030	3055
21030	3652
21030	3655
21030	3766
21030	3814
21030	6388
21030	6583
21030	7096
21030	9249
21030	12051
21030	12423
21030	12885
21030	14808
21030	15173
21030	15189
21030	15999
21030	18942
21030	19705
21030	20250
21030	21825
21030	25108
21825	2144
21825	2774
21825	3055
21825	3652
21825	3655
21825	3766
21825	3814
21825	6388
21825	6583
21825	7096
21825	9249
21825	12051
21825	12423
21825	12885
21825	14808
21825	15173
21825	15189
21825	15999
21825	18942
21825	19705
21825	20250
21825	21030
21825	25108
25108	2144
25108	2774
25108	3055
25108	3652
25108	3655
25108	3766
25108	3814
25108	6388
25108	6583
25108	7096
25108	9249
25108	12051
25108	12423
25108	12885
25108	14808
25108	15173
25108	15189
25108	15999
25108	18942
25108	19705
25108	20250
25108	21030
25108	21825
11502	510
11502	7645
11502	11903
11502	12158
11502	17612
11502	22285
11502	24210
12158	7645
12158	11502
12158	17612
11227	2072
11227	2490
11227	15258
17006	7854
17006	9758
17006	11844
17006	19551
10679	115
10679	5268
10679	8671
8671	10679
23757	830
23757	16802
16802	830
16802	23757
830	16802
830	23757
2877	5695
2877	14403
2877	21154
6076	7311
6076	12615
6076	15163
6076	15357
6076	16482
6076	17731
7311	6076
7311	12615
7311	15163
7311	15357
7311	16482
7311	17731
12615	6076
12615	7311
12615	15163
12615	15357
12615	16482
12615	17731
15163	6076
15163	7311
15163	12615
15163	15357
15163	16482
15163	17731
17731	6076
17731	7311
17731	12615
17731	12806
17731	15163
17731	15357
17731	16482
17939	24559
5769	12365
5769	26190
2143	23355
9053	12504
12504	9053
12735	1217
12735	5488
12735	14615
12735	17089
12735	17817
1093	3059
1093	10251
1093	23637
3059	1093
3059	10251
3059	23637
11461	1672
11461	8079
11461	18208
11461	18676
11461	22087
11461	22839
22087	11461
22087	18208
22087	22839
22839	11461
22839	18208
22839	22087
15418	8298
12478	1014
12478	3743
12478	3917
12478	5209
12478	13480
12478	18398
12478	19150
12478	21806
12478	24833
12478	25902
6941	4975
6941	10850
6941	18983
6941	19297
6941	24924
19350	2420
19350	12644
19350	20528
15311	3006
15311	7985
15311	10588
15311	16872
15311	23134
1499	10600
1499	20261
20261	1499
20261	10600
16486	6337
16486	8511
1589	7603
7603	1589
5661	6337
19525	14265
19525	17156
19525	23721
864	1685
18275	5240
20331	18331
22738	8128
22738	10996
22738	24126
8128	1217
8128	10996
8128	22738
8128	24126
8128	25648
23759	15208
15208	23759
2742	2846
19143	5078
19143	10346
19143	19383
20636	5240
20636	18920
16065	2042
2622	23297
13989	214
13989	260
13989	1488
13989	1561
13989	1667
13989	2710
13989	4484
13989	20315
13989	21910
13989	22379
21558	1028
21558	19683
21558	22744
19683	1028
19683	21558
19683	22744
22744	1028
22744	19683
22744	21558
1028	9924
1028	12262
1028	18619
1028	18751
1028	19683
1028	21558
1028	22744
25179	11861
24582	8589
24582	14924
4555	941
4555	25080
5505	3725
5505	15911
5505	24009
19355	1172
16177	21089
16177	21100
16177	22746
21100	10895
21100	14067
21100	16177
21100	21089
21100	21772
21100	22746
7095	9432
7095	22483
15206	12212
1981	5468
1981	5668
1981	6908
1981	8187
1981	18034
1981	19879
1981	25444
5468	1981
5468	5668
5468	8187
5468	18034
5468	19879
18034	1981
18034	5468
18034	5668
18034	8187
18034	19879
19879	1981
19879	5468
19879	5668
19879	8187
19879	18034
1150	1217
1150	24126
1150	25648
25648	269
25648	1150
25648	1217
25648	8128
25648	9974
25648	24126
1322	6638
1322	16068
16068	1322
16068	6638
3818	3388
3818	6735
3818	23167
23167	3388
23167	3818
23167	6735
21755	19877
18625	18008
920	7317
920	8523
10677	309
10677	9591
10677	17015
17865	24159
24885	2806
24885	5953
24885	8730
24885	9209
24885	13177
24885	16817
24885	23939
8730	16817
8730	23939
8730	24885
914	1493
914	2243
914	3442
914	3811
914	5162
914	9090
914	18633
5162	914
5162	1493
5162	2243
5162	3442
5162	3811
5162	9090
5162	18633
3811	914
3811	1493
3811	2243
3811	2452
3811	3442
3811	5162
3811	9027
3811	9090
3811	14153
3811	14872
3811	18633
9090	914
9090	1493
9090	2243
9090	3442
9090	3811
9090	5162
9090	5385
9090	17543
9090	18633
9090	24589
10478	23986
5119	10517
10517	5119
13411	676
13411	6934
13411	11053
13411	12365
13411	18866
13411	20774
13411	21508
13411	23403
19560	3750
19560	14149
19560	23530
6039	20940
23224	5993
23224	6524
23224	13036
13704	9591
6446	8036
8036	6446
25201	624
25201	1694
25201	3731
25201	5407
25201	9099
25201	12085
25201	12496
25201	15184
25201	18719
25201	19640
25201	23577
25201	23649
25201	24293
25189	7533
25189	9482
25189	15552
25189	25114
16742	12587
6288	1000
6288	1694
6288	5605
6288	12070
6288	13008
6288	25402
11563	20595
3243	2654
3243	7125
3243	21544
8864	16131
8864	16280
8864	17137
8864	25582
16131	8864
16131	16280
16131	17137
16131	25582
16280	8864
16280	16131
16280	17137
16280	25582
17137	8864
17137	16131
17137	16280
17137	25582
15247	10640
15247	24970
10640	15247
10640	24970
13	13
13	7596
13	11196
13	19170
11196	13
19102	6442
3037	2293
3037	22265
13647	5209
13647	5717
13647	7090
13647	10801
13647	25057
13647	25125
25057	10801
25057	13647
9335	12380
17463	11861
6350	4495
6350	8372
6350	11823
6350	13628
6350	15246
6350	16014
6350	20332
6350	23710
4495	6350
19093	11861
19093	14746
19093	20303
19093	20567
19093	24330
6421	6971
6421	7264
6421	8224
6421	11696
6421	13276
6421	23441
3526	15786
3526	25408
15786	3526
15786	25408
25114	25189
5137	6884
6884	5137
10354	9829
16766	7277
16766	17038
16766	19089
11017	11026
7597	5271
7597	24841
5271	4265
5271	5267
5271	7597
5271	24841
10904	5156
10904	12707
12707	5156
12707	10904
24174	3752
24174	4765
24174	14952
25609	17750
1855	2009
1855	6482
2009	1855
2009	5057
2009	6482
2009	8403
2009	15571
2009	18579
22894	2239
22894	4125
23509	13929
23509	20116
23509	22189
1013	19011
19011	1013
19011	2123
21712	12743
21712	17746
8403	2009
8403	2527
8403	6482
8403	15571
8403	18579
2527	6482
2527	8403
18603	8428
11613	5621
11613	17439
11613	18487
25599	5629
25599	16718
16718	5629
16718	25599
19167	4952
13068	5712
15244	88
15244	1058
15244	1667
15244	1995
15244	2338
15244	2449
15244	2530
15244	2535
15244	4355
15244	4755
15244	5210
15244	5712
15244	6156
15244	6340
15244	6512
15244	7197
15244	7444
15244	7635
15244	8727
15244	9313
15244	9656
15244	9869
15244	10350
15244	11416
15244	12507
15244	12710
15244	14165
15244	14648
15244	14661
15244	14766
15244	15010
15244	15245
15244	15435
15244	15457
15244	15933
15244	16654
15244	17807
15244	18225
15244	18381
15244	18453
15244	18778
15244	19114
15244	19446
15244	19489
15244	19562
15244	19645
15244	19939
15244	20567
15244	20574
15244	20576
15244	21178
15244	21547
15244	22504
15244	23712
15244	23723
15244	24371
15244	24453
15244	24477
15244	24718
21547	15244
21547	20567
21547	24718
24718	88
24718	1124
24718	1267
24718	1995
24718	2338
24718	2530
24718	2535
24718	4755
24718	5210
24718	6340
24718	6512
24718	7197
24718	7444
24718	7635
24718	8727
24718	9656
24718	9869
24718	10350
24718	12507
24718	12710
24718	14766
24718	14834
24718	15010
24718	15244
24718	15245
24718	15457
24718	15933
24718	16654
24718	17807
24718	18102
24718	18225
24718	19446
24718	19645
24718	19939
24718	20567
24718	20574
24718	20576
24718	21547
24718	22504
24718	23712
21588	25486
3316	71
3316	24814
4708	2710
4708	14007
4708	25916
23805	1588
23805	13929
23805	15685
23805	17984
23805	18540
23805	22147
23805	22366
23805	23529
23805	23552
23805	24592
23805	25562
23805	25698
10158	9572
20803	6356
20803	25231
25231	20803
24939	5346
24939	9471
24939	17944
19170	13
1551	8058
8058	1551
8058	2328
5408	10039
5408	19609
19609	5408
19609	10039
8336	24464
24464	8336
21407	3561
21407	9616
21407	10113
21407	15614
21407	16210
21407	17172
12712	9325
12712	11372
12712	12745
16511	11194
16511	14337
16511	16575
16511	19023
8737	4195
8737	12587
19059	321
19059	6364
19059	6494
19059	6857
19059	14265
19059	18622
20004	1674
20004	25034
20004	25516
24870	8134
24870	13999
24870	16213
24870	20383
16213	8134
16213	20383
16213	24870
8386	6632
8386	9391
8386	12187
8386	24240
1339	3164
1339	15580
1339	16393
1339	17330
1339	20478
8198	128
8198	13010
8198	23880
16963	2042
8305	7264
8305	12286
8305	21287
5367	6891
5367	14864
5367	14983
5367	19144
14983	5367
14983	6891
14983	14864
14983	19144
19144	5367
19144	6891
19144	14864
19144	14983
10468	19084
19084	4583
19084	8398
19084	9327
19084	10468
19084	13614
16498	4135
16498	19442
16498	22826
16498	24559
23267	7895
22599	5464
22599	7774
19223	1985
21634	25286
8739	13357
8739	25115
25115	8739
25115	13357
13357	8739
13357	25115
13357	25852
748	23458
16155	7446
2059	11785
2982	231
2982	15538
2982	22691
13364	403
13364	3164
13364	12938
13364	21995
13364	22691
13364	22966
13364	23382
13364	25836
22966	12938
22966	13364
22966	22691
22966	25836
4036	8786
4036	13032
4036	22691
13032	4036
13032	22691
18633	914
18633	1493
18633	2243
18633	3442
18633	3811
18633	5162
18633	9090
9486	20765
21523	7916
21523	21515
21515	7916
21515	21523
24148	13220
24148	17874
24148	23470
19051	22879
3200	4264
3200	17468
4264	3200
4264	17468
17468	3200
17468	4264
25510	3279
3279	25510
21684	22719
21684	22720
21684	24169
3058	11815
3058	12101
11815	3058
11815	12101
19954	345
19954	676
19954	11785
19954	12365
19954	18866
19954	22372
2250	339
2250	2654
2250	4743
2250	4748
2250	5621
2250	7717
2250	9755
2250	11015
2250	13714
2250	14767
2250	17439
2250	18971
2250	19216
2250	20511
2250	20534
2250	25205
2250	25396
7717	339
7717	2250
7717	2654
7717	4743
7717	4748
7717	5621
7717	9755
7717	11015
7717	13714
7717	14767
7717	17439
7717	18971
7717	19216
7717	20511
7717	20534
7717	25205
7717	25396
11015	339
11015	2250
11015	2654
11015	4743
11015	4748
11015	5621
11015	7717
11015	8768
11015	9755
11015	13714
11015	14767
11015	16389
11015	16414
11015	17439
11015	18971
11015	19216
11015	20511
11015	20534
11015	21165
11015	21379
11015	25205
11015	25396
13714	339
13714	2250
13714	2654
13714	4743
13714	4748
13714	5621
13714	7717
13714	9755
13714	11015
13714	14767
13714	17439
13714	18971
13714	19216
13714	20511
13714	20534
13714	25205
13714	25396
14767	339
14767	2250
14767	2654
14767	4743
14767	4748
14767	5621
14767	7717
14767	9755
14767	11015
14767	13714
14767	17439
14767	18971
14767	19216
14767	20511
14767	20534
14767	25205
14767	25396
18971	339
18971	2250
18971	2654
18971	4743
18971	4748
18971	5621
18971	7717
18971	9755
18971	11015
18971	13714
18971	14767
18971	17439
18971	19216
18971	20511
18971	20534
18971	25205
18971	25396
19216	339
19216	2250
19216	2654
19216	4743
19216	4748
19216	5621
19216	7717
19216	9755
19216	11015
19216	13714
19216	14767
19216	17439
19216	18971
19216	20511
19216	20534
19216	25205
19216	25396
20534	339
20534	2250
20534	2654
20534	4743
20534	4748
20534	5621
20534	7717
20534	9755
20534	11015
20534	13714
20534	14767
20534	17439
20534	18971
20534	19216
20534	20511
20534	25205
20534	25396
25205	339
25205	2250
25205	2654
25205	4743
25205	4748
25205	5621
25205	7717
25205	9755
25205	11015
25205	13714
25205	14767
25205	17439
25205	18971
25205	19216
25205	20511
25205	20534
25205	25396
24332	4422
24332	6264
24332	18331
9597	11746
9188	8916
9188	19179
9188	23880
16545	15395
16545	21149
10726	1782
10726	3066
10726	13521
10726	16482
10726	18784
10726	22265
10726	23151
18784	10726
894	5441
894	5717
894	10762
894	14351
894	22734
5441	894
5441	5717
5441	10623
5441	10762
5441	12659
5441	14351
5441	21665
5441	22734
14351	894
14351	5441
14351	6434
14351	8976
14351	10762
14351	21162
14351	22336
14351	23708
14351	25250
3718	7511
3718	19489
7511	3718
7511	19489
11593	18415
3910	19179
19179	3909
19179	3910
19179	5993
19179	8916
19179	9188
19179	21432
19179	21491
9267	4141
9267	13859
9267	22395
22395	4141
22395	9267
22395	13859
22726	12938
22726	22691
22726	25836
10513	25059
10513	25595
25595	10513
1104	7811
1104	8335
5639	1653
5639	6009
5639	6896
5639	9736
5639	21281
5639	21379
5639	24023
6009	5639
6009	6896
6009	9736
6009	21281
6896	5639
6896	6009
6896	9736
6896	21281
9736	5639
9736	6009
9736	6896
9736	21281
12503	231
12503	345
12503	1841
12503	2980
12503	16611
12503	21012
12503	22691
12503	22937
12503	23452
23511	4115
23511	12938
23511	22691
23511	25836
22493	853
22493	5695
22493	5901
22493	9092
22493	15175
22493	19810
22493	23614
7477	19257
7477	22961
19257	7477
19257	22961
22961	7477
22961	19257
93	4018
93	16608
93	17419
93	20328
93	21621
2459	22144
17389	16858
17389	17038
17389	17113
19906	26102
26102	19906
19806	3345
19806	24431
16890	1497
25852	13357
25571	16429
1962	9413
1962	21125
21800	676
21800	11785
21800	12365
21800	17655
6291	10346
6291	15687
15687	5078
15687	6291
15687	10346
19454	14615
19454	17089
19454	22177
13749	12121
13749	13034
13749	13318
13749	13355
13034	12121
13034	13749
12121	13034
12121	13749
6079	19941
19941	6079
3633	19204
3633	23204
9255	20065
9255	20478
9255	23038
9255	25698
19126	14135
19126	25957
25844	6804
17401	1488
19433	2761
19433	5302
19433	5712
19433	14599
19433	20168
19433	20879
19433	23723
19433	24057
6835	14854
10024	2620
10024	3501
10024	12453
10024	20587
10024	22523
13177	16817
13177	23939
13177	24885
1829	547
1829	4458
1829	18870
1829	19675
1829	22464
1829	23614
6735	3388
6735	3818
6735	13325
6735	14502
6735	20926
6735	23167
13325	6735
13325	14502
13325	15899
13325	20926
14502	6735
14502	13325
14502	15899
14502	20926
20926	6735
20926	13325
20926	14502
13318	260
13318	13749
13318	21910
8187	1981
8187	5468
8187	5668
8187	18034
8187	19879
2826	3858
2826	8857
2826	12235
2826	23161
2826	23216
8857	2826
8857	11522
8857	12235
8857	23216
23216	2826
23216	8857
23216	12235
899	5052
899	16148
899	22415
16338	21390
21390	16338
8261	3231
8261	4705
8261	4773
8261	6411
8261	8549
8261	8823
8261	9639
8261	11464
8261	16352
8261	17997
8261	19808
8261	19870
8261	20532
8261	20662
8261	21860
8261	21931
8261	22369
8261	22837
82	3844
3844	82
21130	5078
21130	7595
21130	8118
21130	15802
21130	20182
25491	6804
25491	12260
937	3466
937	4135
937	8579
937	14924
937	18233
25204	23614
17603	339
17603	6700
17603	20850
17603	21798
6864	5346
6864	21048
15688	22692
22692	15688
24252	10871
9907	7689
9907	8968
9907	9217
9907	10096
9907	16010
9907	16414
9907	17086
9907	21491
9907	23552
9907	25585
20106	20129
20106	21994
11903	11502
11903	17612
11903	24210
24210	510
24210	11502
24210	11903
24210	17612
510	11502
510	24210
10805	6626
10805	21927
10805	25628
22285	11502
4955	4954
4954	4955
5409	8623
8623	5409
7592	11926
7592	17113
7592	26004
3511	3547
3511	14707
6807	18782
6807	23883
5411	10390
5411	11186
5411	16931
10390	5411
10390	11186
10390	16931
11186	5411
11186	10390
11186	16931
18154	10983
21560	8254
21560	19890
24160	24559
24160	25354
21696	6427
21696	25854
25854	6427
25854	21696
7386	1488
7386	20059
2761	2959
2761	5172
2761	14599
2761	19433
24453	5712
24453	6512
24453	15244
24453	20346
24453	24371
20315	1488
20315	2797
20315	13989
20315	22379
22379	13989
22379	20315
4023	10801
4023	20647
4023	22394
1561	13989
2169	4353
2169	5209
2169	5938
2169	8340
2169	12545
5209	1014
5209	2169
5209	5717
5209	5938
5209	7090
5209	8774
5209	12478
5209	12545
5209	13647
5209	19150
5209	24057
5209	25902
5839	7026
5839	12192
7026	5839
7026	12192
12192	5839
12192	7026
1375	3053
1375	9572
141	8408
141	14102
141	17286
141	17443
17286	141
17286	8408
17286	14102
17286	17443
4302	8475
4302	10711
4302	19022
4302	26181
8475	4302
8475	10711
8475	19022
8475	26181
26181	4302
26181	8475
26181	10711
26181	19022
1611	1217
1611	21638
1611	23233
21638	1217
21638	1611
21638	23233
10438	16154
10438	20558
20558	10438
20558	16154
5794	260
5794	2710
5794	11401
2750	1073
20883	787
787	12940
787	20883
16717	4774
16717	4988
16717	5673
16717	6838
16717	12722
16717	17125
16717	19603
4988	12722
4988	16717
4988	17125
2222	2215
2222	10792
2222	15695
2222	20422
2222	21309
21309	2215
21309	2222
21309	15695
21309	20422
2215	2222
2215	15695
2215	21309
15695	2215
15695	2222
15695	10792
15695	20379
15695	21309
24341	20030
8349	1549
8349	5478
8349	5738
8349	6538
8349	22766
8349	23168
1549	8349
1549	22766
1549	23168
1549	24732
22766	1549
22766	8349
22766	23168
23168	1549
23168	8349
23168	22766
4272	2557
2557	4272
7596	13
5773	615
5773	8612
5773	15814
5773	16083
17543	2556
17543	5385
17543	9090
17543	24589
22727	8641
22727	19922
20422	2222
20422	21309
22503	8511
22503	16647
2247	9606
9606	2247
9606	4958
9606	5973
9606	10884
9606	12122
9606	16353
4298	1427
4298	4416
4298	17274
4298	18941
1427	4298
1427	11037
2385	10956
2385	20783
2385	22574
20783	2385
20783	10956
20783	22574
8067	2661
8067	11132
8067	14969
8067	23382
8067	24845
26196	543
26196	1958
26196	5812
26196	16976
26196	20853
26196	23693
26196	24833
7072	4483
7072	6264
7072	18234
18234	4483
18234	6264
18234	7072
18102	1124
18102	1267
18102	14834
18102	24718
19434	12927
13371	1078
13371	7383
13371	18365
13371	24559
2981	4427
4427	2981
21594	10445
12369	16469
12369	22239
22239	12369
22239	16469
2010	8064
2010	16039
2010	20599
8064	2010
8064	16039
8064	20599
9133	7689
6669	9865
9865	6669
21584	12032
21584	12599
20033	7277
20033	17038
20033	19089
20033	23429
8449	13490
8449	19528
8449	24412
13490	8449
13490	19528
13490	24412
19528	8449
19528	13490
19528	24412
24412	2997
24412	6524
24412	6888
24412	8449
24412	13490
24412	19528
24412	20089
24412	22577
24412	25440
12940	787
11037	1427
14547	18487
4289	9306
4289	12606
6380	22144
7546	7088
7546	12425
7546	18366
7546	25217
18366	7546
10501	26038
10501	26065
22722	5901
22722	9066
24032	281
24032	23529
16747	836
16747	4750
16747	13955
16747	19147
16747	19489
9216	1958
9216	22507
9216	24696
717	24159
20174	4554
4554	20174
4554	24559
10412	238
10412	8442
21723	7007
21723	11113
21723	17681
21723	23836
21723	25050
7588	7590
7590	7588
3599	14130
14130	3599
9983	20303
17999	2003
17999	9037
17999	21220
14302	5432
14302	12676
12676	14302
11670	4211
11670	11876
11670	17626
11670	17665
11670	17688
11670	17808
11670	25962
25962	4211
25962	11670
21562	3048
21562	11109
11109	3048
11109	21562
8972	1588
8972	12968
8972	13801
8972	25006
8625	2443
8625	8116
8625	13369
8625	14369
8625	15395
8625	17583
8625	25977
13369	2443
13369	8116
13369	8625
13369	14369
13369	15395
13369	17337
13369	17583
13369	18065
13369	19865
17583	2443
17583	8116
17583	8625
17583	13369
17583	14369
17583	15395
1696	1026
1696	18215
1026	1696
1026	18215
6317	5934
6317	15066
6317	15664
6317	16469
15664	5934
15664	6317
15664	15066
15664	16469
25235	12380
13521	10726
11721	12151
11721	15221
11721	21344
15221	11721
15221	12151
15221	21344
21344	11009
21344	11721
21344	12151
21344	15221
21344	22990
12151	11721
12151	15221
12151	21344
4148	9862
4148	9863
9863	4148
9863	9862
14037	482
18745	10711
18745	11696
18745	13276
17248	543
17248	16976
17248	22876
3411	5934
3411	15066
3411	16469
5717	894
5717	5209
5717	5441
5717	7090
5717	10762
5717	11792
5717	13647
5717	16831
5717	24559
17818	5519
17818	19697
17818	23809
5667	3297
5667	14770
5667	23461
23461	3297
23461	5667
23461	14770
17178	2329
17178	21024
17178	23215
17178	24846
23215	17178
23215	21024
19900	7045
19900	8367
19900	9017
19900	17075
14894	1670
14894	22927
1670	14894
3362	3347
3362	16957
3347	3362
22937	231
22937	1186
22937	1841
22937	2741
22937	2980
22937	3409
22937	4975
22937	5578
22937	6774
22937	9482
22937	12503
22937	13597
22937	16611
22937	17655
22937	18543
22937	21012
22937	22457
22937	23363
23363	178
23363	231
23363	2741
23363	2980
23363	9482
23363	9800
23363	12701
23363	18879
23363	21012
23363	22937
13355	8969
13355	13749
13355	25043
2306	8446
2306	10514
2306	24340
2306	24713
8446	2306
8446	24340
8446	25649
8446	25839
6971	6421
6971	11696
6971	12587
6971	13276
13199	2713
13199	4466
13199	12545
13199	19568
13199	25034
10183	24781
2938	18581
18581	2938
1817	1024
1817	5366
1817	12552
1817	16513
1817	21806
16513	1817
15617	21613
21593	22325
22325	21593
18970	2409
18970	3522
18970	4286
18970	4288
2409	3522
2409	4286
2409	4288
2409	18970
3522	2409
3522	4286
3522	4288
3522	18970
21031	20303
21031	24330
24001	231
24001	8589
24001	13142
24001	14924
24001	16994
24001	25228
11719	25698
12749	25777
17984	1588
17984	12884
17984	17825
17984	19703
17984	22147
17984	23805
19703	16708
19703	16967
19703	17984
12806	3096
12806	13624
12806	14599
12806	17207
12806	17731
12806	24057
8970	10564
8970	15187
15187	8970
15187	10564
1511	14834
1511	18278
1511	19489
18278	1511
2201	14868
2201	16226
14868	2201
14868	16226
16226	2201
16226	14868
5211	11028
5211	21171
5211	22730
11028	5211
11028	21171
11028	22730
21171	5211
21171	11028
21171	22730
22730	5211
22730	11028
22730	21171
14982	10310
14982	13056
2712	1174
2712	21177
3858	24
3858	2826
3858	19517
3858	23161
23161	24
23161	2826
23161	3858
23161	19517
7309	18579
1187	6290
6290	1187
4814	3909
4814	6064
4814	8161
4814	8340
4814	9439
4814	10762
4814	12054
4814	19109
4814	21468
4814	23246
21468	4814
21468	6064
21468	9439
8457	727
8457	18030
8391	205
8391	3716
8391	6575
8391	24385
12743	17746
12743	21712
17189	930
17189	4493
17189	23720
17189	25931
16608	93
16608	17419
16608	20328
8184	2443
8184	8116
8184	14369
8184	23051
13677	18288
13677	23206
18288	13677
18288	23206
23206	13677
23206	18288
20533	17228
20533	21943
20533	23513
23513	352
23513	17228
23513	20533
23513	21943
10792	2222
10792	15695
4110	16523
4110	17696
17696	4110
7811	676
7811	1104
17308	4550
17308	12968
12157	17612
15641	5466
15641	12801
15641	19548
5466	15641
19387	4952
19387	10352
19387	13801
19387	17655
283	15959
283	24009
9713	339
9713	17414
15423	18144
18144	15423
7011	2797
21101	18557
10247	6823
8630	20148
14600	1896
1023	192
1023	1563
1023	2457
1023	2512
1023	3534
1023	4364
1023	4639
1023	4959
1023	5065
1023	6271
1023	6387
1023	6867
1023	10427
1023	12101
1023	14379
1023	15145
1023	15562
1023	15708
1023	15714
1023	15805
1023	17580
1023	17584
1023	18396
1023	18952
1023	19677
1023	23241
1023	24616
1023	24617
1023	24819
4959	1023
24592	1588
24592	18540
24592	23805
23907	6700
23907	10550
23907	21495
23907	22497
23907	25080
18612	9392
18612	10871
18612	11712
18612	17207
8063	1588
8063	1896
8063	10652
8063	13801
8063	25006
1174	2712
1174	21177
9721	9572
9721	19110
22798	1278
22798	6218
22798	6610
22798	7007
22798	16743
22798	25996
20793	15681
2043	6315
2043	14886
9149	17346
9149	20319
20319	9149
20319	17346
7595	8118
7595	21130
8118	7595
8118	21130
6506	715
6506	8471
6506	9037
6506	16042
11820	11746
11820	17019
17019	11746
17019	11820
13010	5533
13010	8198
13010	12611
13010	23880
5533	12611
5533	13010
12611	3876
12611	5533
12611	5695
12611	12861
12611	13010
782	11539
782	15227
782	16655
15227	782
15227	11539
15227	16655
15227	18151
715	6506
715	16042
715	19101
715	21811
14664	2042
17135	13929
17135	25562
5268	115
5268	10679
115	5268
115	10679
20231	4364
20231	7023
20231	13404
6081	19358
6081	19781
10850	6941
7452	19865
254	7572
7572	254
16087	12927
20031	12290
22720	21684
22720	22719
20150	22312
20150	25226
25226	20150
25226	22312
22312	20150
22312	25226
15150	12318
9273	8742
9273	10841
15942	9082
23621	11623
11623	23621
17116	1078
17116	5164
17116	18365
17116	19741
17116	23306
5164	1078
5164	17116
5164	18365
5164	19741
19741	1078
19741	5164
19741	17116
19741	18365
19741	23306
19801	15821
20119	195
20119	13801
20119	19168
20119	20100
20119	22366
19168	20100
19168	20119
19168	22366
4484	1667
4484	13989
1667	1058
1667	1488
1667	4484
1667	13989
1667	14661
1667	15244
1667	19562
1667	23723
1667	24477
10352	19387
10910	6056
10910	19423
10910	25777
10500	8823
10500	17546
10500	22466
10500	25159
25159	8823
25159	10500
25159	17546
25159	22466
5960	8705
5960	11662
5960	14094
5960	19014
8705	5960
8705	11662
8705	14094
8705	19014
11662	5960
11662	8705
11662	14094
11662	19014
14094	5960
14094	8705
14094	11662
14094	19014
19014	5960
19014	8705
19014	11662
19014	14094
22031	21220
13616	17359
21497	10711
21497	13276
21497	18758
8787	17021
24575	8255
24575	14842
14842	24575
25181	22876
5938	2169
5938	5209
5938	12545
6431	580
6431	23576
17346	9149
17346	20319
9639	3231
9639	3719
9639	4705
9639	4773
9639	5067
9639	6411
9639	6610
9639	6907
9639	8045
9639	8072
9639	8261
9639	8375
9639	8549
9639	8823
9639	9025
9639	9785
9639	11464
9639	13649
9639	15784
9639	16352
9639	17997
9639	19545
9639	19640
9639	19808
9639	19870
9639	20532
9639	21931
9639	22369
9639	22527
9639	25060
9639	25289
19870	3231
19870	4705
19870	4773
19870	6411
19870	6610
19870	8045
19870	8261
19870	8549
19870	8823
19870	9639
19870	9785
19870	11464
19870	15784
19870	16352
19870	17997
19870	19640
19870	19808
19870	20532
19870	21931
19870	22369
19870	22527
20532	3231
20532	4773
20532	6411
20532	6610
20532	8045
20532	8261
20532	8823
20532	9639
20532	9785
20532	11464
20532	15784
20532	16352
20532	17997
20532	19640
20532	19870
20532	20662
20532	21860
20532	22369
20532	22527
20532	22837
22527	3719
22527	5067
22527	6610
22527	6907
22527	8045
22527	8072
22527	8375
22527	8823
22527	9025
22527	9639
22527	9643
22527	9785
22527	13649
22527	15683
22527	15784
22527	19545
22527	19640
22527	19870
22527	19923
22527	20532
22527	20664
22527	21824
22527	25060
22527	25289
22527	25359
18237	16607
10062	3878
10062	12406
10062	16102
10062	16270
10062	16584
10062	22463
10062	22790
16102	10062
16102	12406
16102	16270
16102	22463
22463	10062
22463	12406
22463	16102
22463	16270
1989	4106
1989	7515
1989	17782
1989	18231
7515	1989
7515	4106
7515	17782
7515	18231
17782	1989
17782	4106
17782	7515
17782	18231
18231	1989
18231	4106
18231	7515
18231	17782
1728	5656
1728	8045
1728	18488
1728	22610
5656	1728
5656	8045
5656	18488
5656	22610
22610	1728
22610	5656
22610	8045
22610	18488
18488	1728
18488	5656
18488	8045
18488	22610
14176	14181
14176	20257
20257	14176
20257	14181
20257	15455
17884	20538
17884	23529
18628	17785
17785	15583
17785	18628
17785	24272
5181	5172
5181	13635
5181	18091
5181	24456
1090	7307
1090	13831
1090	14319
1090	18052
1090	18940
1090	23256
24734	5934
24734	15066
24734	16469
1356	573
1356	6825
1356	16258
1356	16676
16676	1356
16676	16258
3980	15559
3980	16962
16962	3980
16962	15559
5366	1817
5366	21806
10878	4013
10878	8786
10878	14078
10878	17990
10878	26020
26020	10878
26020	17990
25870	2870
17174	13008
365	6774
365	9889
365	14552
365	15585
365	18579
10991	22555
24029	2133
24029	4846
24029	12980
24029	13220
24029	17439
12422	14419
12422	19423
12422	21281
3293	22834
3293	25053
15010	88
15010	1995
15010	2338
15010	2449
15010	2530
15010	2535
15010	4355
15010	4755
15010	5210
15010	6340
15010	6512
15010	7197
15010	7444
15010	7635
15010	8727
15010	9313
15010	9656
15010	9869
15010	10350
15010	12507
15010	12710
15010	14648
15010	14766
15010	15244
15010	15245
15010	15457
15010	15933
15010	16654
15010	17807
15010	18225
15010	18453
15010	18778
15010	19114
15010	19446
15010	19645
15010	19939
15010	20574
15010	20576
15010	21178
15010	22504
15010	23712
15010	24718
88	1995
88	2338
88	2449
88	2530
88	2535
88	4355
88	4755
88	5210
88	6340
88	6512
88	7197
88	7444
88	7635
88	8727
88	9313
88	9656
88	9869
88	10350
88	12507
88	12710
88	14648
88	14766
88	15010
88	15244
88	15245
88	15457
88	15933
88	16654
88	17807
88	18225
88	18453
88	18778
88	19114
88	19446
88	19645
88	19939
88	20574
88	20576
88	21178
88	22504
88	23712
88	24718
1995	88
1995	2338
1995	2449
1995	2530
1995	2535
1995	4355
1995	4755
1995	5210
1995	6340
1995	6512
1995	7197
1995	7444
1995	7635
1995	8727
1995	9313
1995	9656
1995	9869
1995	10350
1995	12507
1995	12710
1995	14648
1995	14766
1995	15010
1995	15244
1995	15245
1995	15457
1995	15933
1995	16654
1995	17807
1995	18225
1995	18453
1995	18778
1995	19114
1995	19446
1995	19645
1995	19939
1995	20574
1995	20576
1995	21178
1995	22504
1995	23712
1995	24718
2338	88
2338	1995
2338	2449
2338	2530
2338	2535
2338	4355
2338	4755
2338	5210
2338	6340
2338	6512
2338	7197
2338	7444
2338	7635
2338	8727
2338	9313
2338	9656
2338	9869
2338	10350
2338	12507
2338	12710
2338	14648
2338	14766
2338	15010
2338	15244
2338	15245
2338	15457
2338	15933
2338	16654
2338	17807
2338	18225
2338	18453
2338	18778
2338	19114
2338	19446
2338	19645
2338	19939
2338	20574
2338	20576
2338	21178
2338	22504
2338	23712
2338	24718
2530	88
2530	1995
2530	2338
2530	2449
2530	2535
2530	4355
2530	4755
2530	5210
2530	6340
2530	6512
2530	7197
2530	7444
2530	7635
2530	8727
2530	9313
2530	9656
2530	9869
2530	10350
2530	12507
2530	12710
2530	14648
2530	14766
2530	15010
2530	15244
2530	15245
2530	15457
2530	15933
2530	16654
2530	17807
2530	18225
2530	18453
2530	18778
2530	19114
2530	19446
2530	19645
2530	19939
2530	20574
2530	20576
2530	21178
2530	22504
2530	23712
2530	24718
2535	88
2535	1995
2535	2338
2535	2449
2535	2530
2535	4355
2535	4755
2535	5210
2535	6340
2535	6512
2535	7197
2535	7444
2535	7635
2535	8727
2535	9313
2535	9656
2535	9869
2535	10350
2535	12507
2535	12710
2535	14648
2535	14766
2535	15010
2535	15244
2535	15245
2535	15457
2535	15933
2535	16654
2535	17807
2535	18225
2535	18453
2535	18778
2535	19114
2535	19446
2535	19645
2535	19939
2535	20574
2535	20576
2535	21178
2535	22504
2535	23712
2535	24718
4755	88
4755	1995
4755	2338
4755	2449
4755	2530
4755	2535
4755	4355
4755	5210
4755	6340
4755	6512
4755	7197
4755	7444
4755	7635
4755	8727
4755	9313
4755	9656
4755	9869
4755	10350
4755	12507
4755	12710
4755	14648
4755	14766
4755	15010
4755	15244
4755	15245
4755	15457
4755	15933
4755	16654
4755	17807
4755	18225
4755	18453
4755	18778
4755	19114
4755	19446
4755	19645
4755	19939
4755	20574
4755	20576
4755	21178
4755	22504
4755	23712
4755	24718
5210	88
5210	1995
5210	2338
5210	2530
5210	2535
5210	4755
5210	6340
5210	6512
5210	7197
5210	7635
5210	8727
5210	9656
5210	9869
5210	10350
5210	12507
5210	12710
5210	14766
5210	15010
5210	15244
5210	15245
5210	15457
5210	15933
5210	16654
5210	17807
5210	18225
5210	19446
5210	19645
5210	19939
5210	20574
5210	20576
5210	22504
5210	23712
5210	24718
23712	88
23712	1995
23712	2338
23712	2530
23712	2535
23712	4755
23712	5210
23712	6340
23712	6512
23712	7197
23712	7444
23712	7635
23712	8727
23712	9656
23712	9869
23712	10350
23712	12507
23712	12710
23712	14766
23712	15010
23712	15244
23712	15245
23712	15457
23712	15933
23712	16654
23712	17807
23712	18225
23712	19446
23712	19645
23712	19939
23712	20574
23712	20576
23712	22504
23712	24718
6340	88
6340	1995
6340	2338
6340	2449
6340	2530
6340	2535
6340	4355
6340	4755
6340	5210
6340	6512
6340	7197
6340	7444
6340	7635
6340	8727
6340	9313
6340	9656
6340	9869
6340	10350
6340	12507
6340	12710
6340	14648
6340	14766
6340	15010
6340	15244
6340	15245
6340	15457
6340	15933
6340	16654
6340	17807
6340	18225
6340	18453
6340	18778
6340	19114
6340	19446
6340	19645
6340	19939
6340	20574
6340	20576
6340	21178
6340	22504
6340	23712
6340	24718
7197	88
7197	1995
7197	2338
7197	2449
7197	2530
7197	2535
7197	4355
7197	4755
7197	5210
7197	6340
7197	6512
7197	7444
7197	7635
7197	8727
7197	9313
7197	9656
7197	9869
7197	10350
7197	12507
7197	12710
7197	14648
7197	14766
7197	15010
7197	15244
7197	15245
7197	15457
7197	15933
7197	16654
7197	17807
7197	18225
7197	18453
7197	18778
7197	19114
7197	19446
7197	19645
7197	19939
7197	20574
7197	20576
7197	21178
7197	22504
7197	23712
7197	24718
7635	88
7635	1995
7635	2338
7635	2449
7635	2530
7635	2535
7635	4355
7635	4755
7635	5210
7635	6340
7635	6512
7635	7197
7635	7444
7635	8727
7635	9313
7635	9656
7635	9869
7635	10350
7635	12507
7635	12710
7635	14648
7635	14766
7635	15010
7635	15244
7635	15245
7635	15457
7635	15933
7635	16654
7635	17807
7635	18225
7635	18453
7635	18778
7635	19114
7635	19446
7635	19645
7635	19939
7635	20574
7635	20576
7635	21178
7635	22504
7635	23712
7635	24718
8727	88
8727	1995
8727	2338
8727	2530
8727	2535
8727	4755
8727	5210
8727	6340
8727	6512
8727	7197
8727	7635
8727	9656
8727	9869
8727	10350
8727	12507
8727	12710
8727	14766
8727	15010
8727	15244
8727	15245
8727	15457
8727	15933
8727	16654
8727	17807
8727	18225
8727	19446
8727	19645
8727	19939
8727	20574
8727	20576
8727	22504
8727	23712
8727	24718
9656	88
9656	1995
9656	2338
9656	2449
9656	2530
9656	2535
9656	4355
9656	4755
9656	5210
9656	6340
9656	6512
9656	7197
9656	7444
9656	7635
9656	8727
9656	9313
9656	9869
9656	10350
9656	12507
9656	12710
9656	14648
9656	14766
9656	15010
9656	15244
9656	15245
9656	15457
9656	15933
9656	16654
9656	17807
9656	18225
9656	18453
9656	18778
9656	19114
9656	19446
9656	19645
9656	19939
9656	20574
9656	20576
9656	21178
9656	22504
9656	23712
9656	24718
9869	88
9869	1995
9869	2338
9869	2449
9869	2530
9869	2535
9869	4355
9869	4755
9869	5210
9869	6340
9869	6512
9869	7197
9869	7635
9869	8727
9869	9313
9869	9656
9869	10350
9869	12507
9869	12710
9869	14648
9869	14766
9869	15010
9869	15244
9869	15245
9869	15457
9869	15933
9869	16654
9869	17807
9869	18225
9869	18453
9869	18778
9869	19114
9869	19446
9869	19645
9869	19939
9869	20574
9869	20576
9869	21178
9869	22504
9869	23712
9869	24718
10350	88
10350	1995
10350	2338
10350	2449
10350	2530
10350	2535
10350	4355
10350	4755
10350	5210
10350	6340
10350	6512
10350	7197
10350	7444
10350	7635
10350	8727
10350	9313
10350	9656
10350	9869
10350	10801
10350	12507
10350	12710
10350	14648
10350	14766
10350	15010
10350	15244
10350	15245
10350	15457
10350	15933
10350	16654
10350	17807
10350	18225
10350	18453
10350	18778
10350	19114
10350	19446
10350	19645
10350	19939
10350	20574
10350	20576
10350	21178
10350	22504
10350	23712
10350	24718
12507	88
12507	1995
12507	2338
12507	2449
12507	2530
12507	2535
12507	4355
12507	4755
12507	5210
12507	6340
12507	6512
12507	7197
12507	7444
12507	7635
12507	8727
12507	9313
12507	9656
12507	9869
12507	10350
12507	12710
12507	14648
12507	14766
12507	15010
12507	15244
12507	15245
12507	15457
12507	15933
12507	16654
12507	17807
12507	18225
12507	18453
12507	18778
12507	19114
12507	19446
12507	19645
12507	19939
12507	20574
12507	20576
12507	21178
12507	22504
12507	23712
12507	24718
12710	88
12710	1995
12710	2338
12710	2530
12710	2535
12710	4755
12710	5210
12710	6340
12710	6512
12710	7197
12710	7635
12710	8727
12710	9656
12710	9869
12710	10350
12710	12507
12710	14766
12710	15010
12710	15244
12710	15245
12710	15457
12710	15933
12710	16654
12710	17807
12710	18225
12710	19446
12710	19645
12710	19939
12710	20574
12710	20576
12710	22504
12710	23712
12710	24718
14766	88
14766	1995
14766	2338
14766	2449
14766	2530
14766	2535
14766	4355
14766	4755
14766	5210
14766	6340
14766	6512
14766	7197
14766	7444
14766	7635
14766	8727
14766	9313
14766	9656
14766	9869
14766	10350
14766	12507
14766	12710
14766	14648
14766	15010
14766	15244
14766	15245
14766	15457
14766	15933
14766	16654
14766	17807
14766	18225
14766	18453
14766	18778
14766	19114
14766	19446
14766	19645
14766	19939
14766	20574
14766	20576
14766	21178
14766	22504
14766	23712
14766	24718
15245	88
15245	1995
15245	2338
15245	2530
15245	2535
15245	4755
15245	5210
15245	6340
15245	6512
15245	7197
15245	7635
15245	8727
15245	9656
15245	9869
15245	10350
15245	12507
15245	12710
15245	14766
15245	15010
15245	15244
15245	15457
15245	15933
15245	16654
15245	17807
15245	18225
15245	19446
15245	19645
15245	19939
15245	20574
15245	20576
15245	22504
15245	23712
15245	24718
15457	88
15457	1995
15457	2338
15457	2530
15457	2535
15457	4755
15457	5210
15457	6340
15457	6512
15457	7197
15457	7444
15457	7635
15457	8727
15457	9656
15457	9869
15457	10350
15457	12507
15457	12710
15457	14766
15457	15010
15457	15244
15457	15245
15457	15933
15457	16654
15457	17807
15457	18225
15457	19446
15457	19645
15457	19939
15457	20574
15457	20576
15457	22504
15457	23712
15457	24718
15933	88
15933	1995
15933	2338
15933	2449
15933	2530
15933	2535
15933	4355
15933	4755
15933	5210
15933	6340
15933	6512
15933	7197
15933	7635
15933	8727
15933	9313
15933	9656
15933	9869
15933	10350
15933	12507
15933	12710
15933	14648
15933	14766
15933	15010
15933	15244
15933	15245
15933	15457
15933	16654
15933	17807
15933	18225
15933	18453
15933	18778
15933	19114
15933	19446
15933	19645
15933	19939
15933	20574
15933	20576
15933	21178
15933	22504
15933	23712
15933	24718
16654	88
16654	1995
16654	2338
16654	2449
16654	2530
16654	2535
16654	4355
16654	4755
16654	5210
16654	6340
16654	6512
16654	7197
16654	7444
16654	7635
16654	8727
16654	9313
16654	9656
16654	9869
16654	10350
16654	12507
16654	12710
16654	14648
16654	14766
16654	15010
16654	15244
16654	15245
16654	15457
16654	15933
16654	17807
16654	18225
16654	18453
16654	18778
16654	19114
16654	19446
16654	19645
16654	19939
16654	20574
16654	20576
16654	21178
16654	22504
16654	23712
16654	24718
17807	88
17807	1995
17807	2338
17807	2449
17807	2530
17807	2535
17807	4355
17807	4755
17807	5210
17807	6340
17807	6512
17807	7197
17807	7444
17807	7635
17807	8727
17807	9313
17807	9656
17807	9869
17807	10350
17807	12507
17807	12710
17807	14648
17807	14766
17807	15010
17807	15244
17807	15245
17807	15457
17807	15933
17807	16654
17807	18225
17807	18453
17807	18778
17807	19114
17807	19446
17807	19645
17807	19939
17807	20574
17807	20576
17807	21178
17807	22504
17807	23712
17807	24718
18225	88
18225	1995
18225	2338
18225	2449
18225	2530
18225	2535
18225	4355
18225	4755
18225	5210
18225	6340
18225	6512
18225	7197
18225	7444
18225	7635
18225	8727
18225	9313
18225	9656
18225	9869
18225	10350
18225	12507
18225	12710
18225	14648
18225	14766
18225	15010
18225	15244
18225	15245
18225	15457
18225	15933
18225	16654
18225	17807
18225	18453
18225	18778
18225	19114
18225	19446
18225	19645
18225	19939
18225	20574
18225	20576
18225	21178
18225	22504
18225	23712
18225	24718
19446	88
19446	1995
19446	2338
19446	2530
19446	2535
19446	4755
19446	5210
19446	6340
19446	6512
19446	7197
19446	7635
19446	8727
19446	9656
19446	9869
19446	10350
19446	12507
19446	12710
19446	14766
19446	15010
19446	15244
19446	15245
19446	15457
19446	15933
19446	16654
19446	17807
19446	18225
19446	19645
19446	19939
19446	20574
19446	20576
19446	22504
19446	23712
19446	24718
19645	88
19645	1995
19645	2338
19645	2449
19645	2530
19645	2535
19645	4355
19645	4755
19645	5210
19645	6340
19645	6512
19645	7197
19645	7444
19645	7635
19645	8727
19645	9313
19645	9656
19645	9869
19645	10350
19645	12507
19645	12710
19645	14648
19645	14766
19645	15010
19645	15244
19645	15245
19645	15457
19645	15933
19645	16654
19645	17807
19645	18225
19645	18453
19645	18778
19645	19114
19645	19446
19645	19939
19645	20574
19645	20576
19645	21178
19645	22504
19645	23712
19645	24718
19939	88
19939	1995
19939	2338
19939	2449
19939	2530
19939	2535
19939	4355
19939	4755
19939	5210
19939	6340
19939	6512
19939	7197
19939	7444
19939	7635
19939	8727
19939	9313
19939	9656
19939	9869
19939	10350
19939	12507
19939	12710
19939	14648
19939	14766
19939	15010
19939	15244
19939	15245
19939	15457
19939	15933
19939	16654
19939	17807
19939	18225
19939	18453
19939	18778
19939	19114
19939	19446
19939	19645
19939	20574
19939	20576
19939	21178
19939	22504
19939	23712
19939	24718
20576	88
20576	1995
20576	2338
20576	2449
20576	2530
20576	2535
20576	4355
20576	4755
20576	5210
20576	6340
20576	6512
20576	7197
20576	7635
20576	8727
20576	9313
20576	9656
20576	9869
20576	10350
20576	12507
20576	12710
20576	14648
20576	14766
20576	15010
20576	15244
20576	15245
20576	15457
20576	15933
20576	16654
20576	17807
20576	18225
20576	18453
20576	18778
20576	19114
20576	19446
20576	19645
20576	19939
20576	20574
20576	21178
20576	22504
20576	23712
20576	24718
22504	88
22504	1995
22504	2338
22504	2530
22504	2535
22504	4755
22504	5210
22504	6340
22504	6512
22504	7197
22504	7635
22504	8727
22504	9656
22504	9869
22504	10350
22504	12507
22504	12710
22504	14766
22504	15010
22504	15244
22504	15245
22504	15457
22504	15933
22504	16654
22504	17807
22504	18225
22504	19446
22504	19645
22504	19939
22504	20574
22504	20576
22504	23712
22504	24718
25211	11971
11971	25211
15523	1765
15523	20307
9987	19890
8161	4814
8161	12054
8161	19109
8161	23246
19109	4814
19109	7712
19109	8161
19109	10969
19109	23246
23246	4814
23246	6064
23246	8161
23246	9439
23246	10762
23246	19109
4685	4685
4685	24640
5202	938
5202	5087
5202	24699
23686	20618
16349	2556
11121	14337
9895	7689
751	17800
3297	5667
3297	17936
3297	23461
24732	1549
7636	12554
12554	7636
4278	18183
18183	4278
21727	4952
21727	5125
25272	20850
11152	15616
11152	18208
11152	23683
15198	21968
3231	4705
3231	4773
3231	6411
3231	8261
3231	8549
3231	8823
3231	9639
3231	11464
3231	16352
3231	17997
3231	19808
3231	19870
3231	20532
3231	21931
3231	22369
17997	3231
17997	4773
17997	6411
17997	8261
17997	8823
17997	9639
17997	11464
17997	16352
17997	19870
17997	20532
17997	20662
17997	21860
17997	22369
17997	22837
22369	3231
22369	4773
22369	6411
22369	8261
22369	8823
22369	9639
22369	11464
22369	16352
22369	17997
22369	19870
22369	20532
1125	20765
10522	10561
10561	10522
20550	523
25678	1660
25678	3377
25678	23068
25678	25631
25631	1660
25631	3377
25631	23068
25631	25678
1660	3377
1660	23068
1660	25631
1660	25678
23068	1660
23068	3377
23068	25631
23068	25678
3377	1383
3377	1660
3377	23068
3377	25631
3377	25678
6226	14317
6226	19140
6737	8526
6737	23476
8526	6737
8526	20765
8526	23476
23476	6737
23476	8526
23476	20765
24060	16010
24060	16210
24060	21994
16010	9907
16010	10096
16010	16210
16010	16414
16010	24060
16010	25585
17290	21466
3683	2042
1265	1839
1265	3502
1265	9980
1265	15126
1265	16389
1265	16881
1265	17828
1265	21281
1265	23864
1265	25910
3825	15528
3825	20893
20893	3825
20893	15528
1966	7911
1966	8048
1966	15717
8048	1966
8048	7911
8048	15717
15717	1966
15717	7911
15717	8048
25940	6427
25940	19423
15912	13480
15912	15144
6908	1981
6908	25444
25444	1981
25444	6908
16751	20243
4263	6859
4263	9037
4263	18282
6859	4263
6859	9037
6859	18282
18282	4263
18282	6859
18282	9037
3851	16598
25056	4868
25056	15108
9988	11967
9988	14620
11967	4878
11967	9988
11967	12491
11967	14620
14620	9988
14620	11967
12865	15066
4631	449
4631	12074
4631	13469
4576	24924
822	9518
822	16358
9518	822
9518	16358
16358	822
16358	9518
5227	4241
5227	7125
5227	9647
1879	6675
10807	14093
10807	21466
5065	1023
5065	1563
5065	2457
5065	3534
5065	4364
5065	4639
5065	6271
5065	6387
5065	14379
5065	15145
5065	15562
5065	15708
5065	15714
5065	15805
5065	17580
5065	17584
5065	18396
5065	18952
5065	19677
5065	23241
5065	24616
